2.953.624.18
110.00;161.00;
220.00;108.00;
168.00;146.00;
182.00;261.00;
270.00;257.00;
321.00;221.00;
299.00;351.00;
368.00;342.00;
462.00;336.00;
379.00;479.00;
2.953.624.18
110.00;161.00;
220.00;108.00;
168.00;146.00;
182.00;261.00;
270.00;257.00;
321.00;221.00;
299.00;351.00;
368.00;342.00;
462.00;336.00;
379.00;479.00;
2.953.624.18
110.00;161.00;
220.00;108.00;
168.00;146.00;
182.00;261.00;
270.00;257.00;
321.00;221.00;
299.00;351.00;
368.00;342.00;
462.00;336.00;
379.00;479.00;
2.953.624.18
110.00;161.00;
220.00;108.00;
168.00;146.00;
182.00;261.00;
270.00;257.00;
321.00;221.00;
299.00;351.00;
368.00;342.00;
462.00;336.00;
379.00;479.00;
2.953.624.18
110.00;161.00;
220.00;108.00;
168.00;146.00;
182.00;261.00;
270.00;257.00;
321.00;221.00;
299.00;351.00;
368.00;342.00;
462.00;336.00;
379.00;479.00;
2.953.624.18
110.00;161.00;
220.00;108.00;
168.00;146.00;
182.00;261.00;
270.00;257.00;
321.00;221.00;
299.00;351.00;
368.00;342.00;
462.00;336.00;
379.00;479.00;
2.953.624.18
110.00;161.00;
220.00;108.00;
168.00;146.00;
182.00;261.00;
270.00;257.00;
321.00;221.00;
299.00;351.00;
368.00;342.00;
462.00;336.00;
379.00;479.00;
2.953.624.18
110.00;161.00;
220.00;108.00;
168.00;146.00;
182.00;261.00;
270.00;257.00;
321.00;221.00;
299.00;351.00;
368.00;342.00;
462.00;336.00;
379.00;479.00;
2.953.624.18
110.00;161.00;
220.00;108.00;
168.00;146.00;
182.00;261.00;
270.00;257.00;
321.00;221.00;
299.00;351.00;
368.00;342.00;
462.00;336.00;
379.00;479.00;
2.953.624.18
110.00;161.00;
220.00;108.00;
168.00;146.00;
182.00;261.00;
270.00;257.00;
321.00;221.00;
299.00;351.00;
368.00;342.00;
462.00;336.00;
379.00;479.00;
2.953.624.18
110.00;161.00;
220.00;108.00;
168.00;146.00;
182.00;261.00;
270.00;257.00;
321.00;221.00;
299.00;351.00;
368.00;342.00;
462.00;336.00;
379.00;479.00;
2.953.624.18
110.00;161.00;
220.00;108.00;
168.00;146.00;
182.00;261.00;
270.00;257.00;
321.00;221.00;
299.00;351.00;
368.00;342.00;
462.00;336.00;
379.00;479.00;
2.953.624.18
110.00;161.00;
220.00;108.00;
168.00;146.00;
182.00;261.00;
270.00;257.00;
321.00;221.00;
299.00;351.00;
368.00;342.00;
462.00;336.00;
379.00;479.00;
2.953.624.18
110.00;161.00;
220.00;108.00;
168.00;146.00;
182.00;261.00;
270.00;257.00;
321.00;221.00;
299.00;351.00;
368.00;342.00;
462.00;336.00;
379.00;479.00;
2.953.624.18
110.00;161.00;
220.00;108.00;
168.00;146.00;
182.00;261.00;
270.00;257.00;
321.00;221.00;
299.00;351.00;
368.00;342.00;
462.00;336.00;
379.00;479.00;
2.953.624.18
110.00;161.00;
220.00;108.00;
168.00;146.00;
182.00;261.00;
270.00;257.00;
321.00;221.00;
299.00;351.00;
368.00;342.00;
462.00;336.00;
379.00;479.00;
2.953.624.18
110.00;161.00;
220.00;108.00;
168.00;146.00;
182.00;261.00;
270.00;257.00;
321.00;221.00;
299.00;351.00;
368.00;342.00;
462.00;336.00;
379.00;479.00;
2.953.624.18
110.00;161.00;
220.00;108.00;
168.00;146.00;
182.00;261.00;
270.00;257.00;
321.00;221.00;
299.00;351.00;
368.00;342.00;
462.00;336.00;
379.00;479.00;
2.953.624.18
110.00;161.00;
220.00;108.00;
168.00;146.00;
182.00;261.00;
270.00;257.00;
321.00;221.00;
299.00;351.00;
368.00;342.00;
462.00;336.00;
379.00;479.00;
2.953.624.18
110.00;161.00;
220.00;108.00;
168.00;146.00;
182.00;261.00;
270.00;257.00;
321.00;221.00;
299.00;351.00;
368.00;342.00;
462.00;336.00;
379.00;479.00;
2.953.624.18
110.00;161.00;
220.00;108.00;
168.00;146.00;
182.00;261.00;
270.00;257.00;
321.00;221.00;
299.00;351.00;
368.00;342.00;
462.00;336.00;
379.00;479.00;
2.953.624.18
110.00;161.00;
220.00;108.00;
168.00;146.00;
182.00;261.00;
270.00;257.00;
321.00;221.00;
299.00;351.00;
368.00;342.00;
462.00;336.00;
379.00;479.00;
2.953.624.18
110.00;161.00;
220.00;108.00;
168.00;146.00;
182.00;261.00;
270.00;257.00;
321.00;221.00;
299.00;351.00;
368.00;342.00;
462.00;336.00;
379.00;479.00;
2.953.624.18
110.00;161.00;
220.00;108.00;
168.00;146.00;
182.00;261.00;
270.00;257.00;
321.00;221.00;
299.00;351.00;
368.00;342.00;
462.00;336.00;
379.00;479.00;
2.953.624.18
110.00;161.00;
220.00;108.00;
168.00;146.00;
182.00;261.00;
270.00;257.00;
321.00;221.00;
299.00;351.00;
368.00;342.00;
462.00;336.00;
379.00;479.00;
2.953.624.18
110.00;161.00;
220.00;108.00;
168.00;146.00;
182.00;261.00;
270.00;257.00;
321.00;221.00;
299.00;351.00;
368.00;342.00;
462.00;336.00;
379.00;479.00;
2.953.624.18
110.00;161.00;
220.00;108.00;
168.00;146.00;
182.00;261.00;
270.00;257.00;
321.00;221.00;
299.00;351.00;
368.00;342.00;
462.00;336.00;
379.00;479.00;
2.953.624.18
110.00;161.00;
220.00;108.00;
168.00;146.00;
182.00;261.00;
270.00;257.00;
321.00;221.00;
299.00;351.00;
368.00;342.00;
462.00;336.00;
379.00;479.00;
2.953.624.18
110.00;161.00;
220.00;108.00;
168.00;146.00;
182.00;261.00;
270.00;257.00;
321.00;221.00;
299.00;351.00;
368.00;342.00;
462.00;336.00;
379.00;479.00;
2.953.624.18
110.00;161.00;
220.00;108.00;
168.00;146.00;
182.00;261.00;
270.00;257.00;
321.00;221.00;
299.00;351.00;
368.00;342.00;
462.00;336.00;
379.00;479.00;
