0 1 0 0 0 0 1 0 0 1 1 0 0 0 0 0 0 0 0 0 4
0 0 0 0 0 0 0 0 0 0 0 1 0 0 0 1 1 0 0 0 6
0 0 0 0 0 0 0 0 1 1 0 0 0 0 0 0 0 0 1 0 7
0 0 0 0 1 0 0 0 0 0 0 1 0 0 0 0 0 0 0 0 7
0 0 0 0 1 0 0 0 0 0 0 1 0 0 0 0 0 0 0 0 7
0 0 0 0 0 1 0 0 0 0 0 1 0 0 0 0 0 0 0 0 8
0 0 0 0 1 1 0 0 0 0 0 1 0 0 0 0 1 0 0 0 8
1 0 0 0 0 0 1 0 0 0 0 0 0 0 0 0 0 0 0 1 8
1 0 1 0 0 0 0 0 0 0 0 0 0 0 0 0 0 0 0 0 8
0 0 0 0 1 0 0 0 0 0 0 0 0 0 0 0 0 0 0 1 8
0 1 0 0 0 0 0 0 0 1 0 0 0 0 1 0 0 0 0 0 7
0 0 0 1 0 0 0 0 0 0 0 0 0 0 0 0 0 1 1 0 8
0 1 1 0 0 0 0 0 0 0 0 0 0 0 1 0 0 1 0 0 7
0 0 0 0 0 0 0 0 0 0 0 0 0 1 0 0 1 0 0 0 4
1 0 0 1 0 0 0 0 0 0 0 0 0 0 0 0 0 0 0 0 3
0 0 0 0 0 0 0 1 0 0 0 0 1 1 0 0 0 0 0 0 3
Tempo Total de Execução: 0.109ms

0 0 0 0 0 0 0 1 0 0 0 0 1 1 0 0 0 0 0 0 3
0 0 0 0 0 0 0 0 0 0 0 1 0 0 0 1 1 0 0 0 4
0 0 0 1 0 0 0 0 0 0 0 0 0 0 0 0 0 1 1 0 6
0 0 0 0 0 1 0 0 0 0 0 1 0 0 0 0 0 0 0 0 7
0 0 0 0 1 1 0 0 0 0 0 1 0 0 0 0 1 0 0 0 8
0 0 0 0 0 0 0 0 0 0 0 0 0 1 0 0 1 0 0 0 7
0 1 0 0 0 0 0 0 0 1 0 0 0 0 1 0 0 0 0 0 8
0 0 0 0 1 0 0 0 0 0 0 1 0 0 0 0 0 0 0 0 8
0 0 0 0 1 0 0 0 0 0 0 1 0 0 0 0 0 0 0 0 8
0 0 0 0 0 0 0 0 1 1 0 0 0 0 0 0 0 0 1 0 8
0 0 0 0 1 0 0 0 0 0 0 0 0 0 0 0 0 0 0 1 7
1 0 0 0 0 0 1 0 0 0 0 0 0 0 0 0 0 0 0 1 8
1 0 0 1 0 0 0 0 0 0 0 0 0 0 0 0 0 0 0 0 7
1 0 1 0 0 0 0 0 0 0 0 0 0 0 0 0 0 0 0 0 7
0 1 0 0 0 0 1 0 0 1 1 0 0 0 0 0 0 0 0 0 7
0 1 1 0 0 0 0 0 0 0 0 0 0 0 1 0 0 1 0 0 4
Tempo Total de Execução: 0.137ms

1 0 0 1 0 0 0 0 0 0 0 0 0 0 0 0 0 0 0 0 2
0 0 0 0 0 0 0 1 0 0 0 0 1 1 0 0 0 0 0 0 5
1 0 1 0 0 0 0 0 0 0 0 0 0 0 0 0 0 0 0 0 4
0 1 1 0 0 0 0 0 0 0 0 0 0 0 1 0 0 1 0 0 7
1 0 0 0 0 0 1 0 0 0 0 0 0 0 0 0 0 0 0 1 8
0 0 0 1 0 0 0 0 0 0 0 0 0 0 0 0 0 1 1 0 8
0 0 0 0 1 0 0 0 0 0 0 1 0 0 0 0 0 0 0 0 8
0 0 0 0 1 0 0 0 0 0 0 0 0 0 0 0 0 0 0 1 8
0 0 0 0 1 0 0 0 0 0 0 1 0 0 0 0 0 0 0 0 7
0 0 0 0 0 0 0 0 0 0 0 0 0 1 0 0 1 0 0 0 8
0 1 0 0 0 0 0 0 0 1 0 0 0 0 1 0 0 0 0 0 8
0 0 0 0 0 0 0 0 1 1 0 0 0 0 0 0 0 0 1 0 8
0 0 0 0 0 0 0 0 0 0 0 1 0 0 0 1 1 0 0 0 7
0 1 0 0 0 0 1 0 0 1 1 0 0 0 0 0 0 0 0 0 7
0 0 0 0 1 1 0 0 0 0 0 1 0 0 0 0 1 0 0 0 4
0 0 0 0 0 1 0 0 0 0 0 1 0 0 0 0 0 0 0 0 2
Tempo Total de Execução: 0.186ms

0 1 1 0 0 0 0 0 0 0 0 0 0 0 1 0 0 1 0 0 4
0 0 0 0 0 0 0 1 0 0 0 0 1 1 0 0 0 0 0 0 7
1 0 0 1 0 0 0 0 0 0 0 0 0 0 0 0 0 0 0 0 7
0 0 0 1 0 0 0 0 0 0 0 0 0 0 0 0 0 1 1 0 8
0 0 0 0 0 1 0 0 0 0 0 1 0 0 0 0 0 0 0 0 8
1 0 1 0 0 0 0 0 0 0 0 0 0 0 0 0 0 0 0 0 8
0 0 0 0 0 0 0 0 0 0 0 0 0 1 0 0 1 0 0 0 8
0 1 0 0 0 0 0 0 0 1 0 0 0 0 1 0 0 0 0 0 8
0 0 0 0 0 0 0 0 1 1 0 0 0 0 0 0 0 0 1 0 8
1 0 0 0 0 0 1 0 0 0 0 0 0 0 0 0 0 0 0 1 8
0 0 0 0 1 0 0 0 0 0 0 1 0 0 0 0 0 0 0 0 8
0 0 0 0 1 0 0 0 0 0 0 1 0 0 0 0 0 0 0 0 8
0 0 0 0 1 0 0 0 0 0 0 0 0 0 0 0 0 0 0 1 8
0 0 0 0 1 1 0 0 0 0 0 1 0 0 0 0 1 0 0 0 7
0 1 0 0 0 0 1 0 0 1 1 0 0 0 0 0 0 0 0 0 6
0 0 0 0 0 0 0 0 0 0 0 1 0 0 0 1 1 0 0 0 3
Tempo Total de Execução: 0.151ms

1 0 0 0 0 0 1 0 0 0 0 0 0 0 0 0 0 0 0 1 3
0 0 0 0 0 0 0 1 0 0 0 0 1 1 0 0 0 0 0 0 6
0 0 0 0 1 0 0 0 0 0 0 0 0 0 0 0 0 0 0 1 5
0 0 0 0 0 0 0 0 0 0 0 1 0 0 0 1 1 0 0 0 7
0 0 0 0 1 0 0 0 0 0 0 1 0 0 0 0 0 0 0 0 6
1 0 0 1 0 0 0 0 0 0 0 0 0 0 0 0 0 0 0 0 7
1 0 1 0 0 0 0 0 0 0 0 0 0 0 0 0 0 0 0 0 8
0 0 0 0 0 0 0 0 0 0 0 0 0 1 0 0 1 0 0 0 7
0 0 0 0 0 1 0 0 0 0 0 1 0 0 0 0 0 0 0 0 7
0 0 0 0 1 1 0 0 0 0 0 1 0 0 0 0 1 0 0 0 7
0 1 1 0 0 0 0 0 0 0 0 0 0 0 1 0 0 1 0 0 8
0 0 0 0 1 0 0 0 0 0 0 1 0 0 0 0 0 0 0 0 7
0 0 0 1 0 0 0 0 0 0 0 0 0 0 0 0 0 1 1 0 6
0 0 0 0 0 0 0 0 1 1 0 0 0 0 0 0 0 0 1 0 6
0 1 0 0 0 0 1 0 0 1 1 0 0 0 0 0 0 0 0 0 5
0 1 0 0 0 0 0 0 0 1 0 0 0 0 1 0 0 0 0 0 3
Tempo Total de Execução: 0.291ms

0 0 0 0 1 0 0 0 0 0 0 1 0 0 0 0 0 0 0 0 2
1 0 0 0 0 0 1 0 0 0 0 0 0 0 0 0 0 0 0 1 5
0 0 0 0 1 0 0 0 0 0 0 0 0 0 0 0 0 0 0 1 5
1 0 0 1 0 0 0 0 0 0 0 0 0 0 0 0 0 0 0 0 5
0 0 0 0 0 0 0 0 1 1 0 0 0 0 0 0 0 0 1 0 8
0 0 0 1 0 0 0 0 0 0 0 0 0 0 0 0 0 1 1 0 8
1 0 1 0 0 0 0 0 0 0 0 0 0 0 0 0 0 0 0 0 7
0 1 1 0 0 0 0 0 0 0 0 0 0 0 1 0 0 1 0 0 8
0 0 0 0 0 0 0 0 0 0 0 1 0 0 0 1 1 0 0 0 8
0 0 0 0 1 0 0 0 0 0 0 1 0 0 0 0 0 0 0 0 7
0 0 0 0 0 1 0 0 0 0 0 1 0 0 0 0 0 0 0 0 8
0 1 0 0 0 0 0 0 0 1 0 0 0 0 1 0 0 0 0 0 8
0 1 0 0 0 0 1 0 0 1 1 0 0 0 0 0 0 0 0 0 8
0 0 0 0 1 1 0 0 0 0 0 1 0 0 0 0 1 0 0 0 4
0 0 0 0 0 0 0 0 0 0 0 0 0 1 0 0 1 0 0 0 2
0 0 0 0 0 0 0 1 0 0 0 0 1 1 0 0 0 0 0 0 3
Tempo Total de Execução: 0.163ms

1 0 0 1 0 0 0 0 0 0 0 0 0 0 0 0 0 0 0 0 2
0 0 0 0 1 0 0 0 0 0 0 0 0 0 0 0 0 0 0 1 4
0 0 0 0 0 0 0 0 0 0 0 1 0 0 0 1 1 0 0 0 7
1 0 1 0 0 0 0 0 0 0 0 0 0 0 0 0 0 0 0 0 7
0 0 0 0 1 1 0 0 0 0 0 1 0 0 0 0 1 0 0 0 8
0 0 0 0 0 1 0 0 0 0 0 1 0 0 0 0 0 0 0 0 8
0 0 0 0 1 0 0 0 0 0 0 1 0 0 0 0 0 0 0 0 7
1 0 0 0 0 0 1 0 0 0 0 0 0 0 0 0 0 0 0 1 8
0 0 0 0 1 0 0 0 0 0 0 1 0 0 0 0 0 0 0 0 6
0 1 1 0 0 0 0 0 0 0 0 0 0 0 1 0 0 1 0 0 7
0 1 0 0 0 0 1 0 0 1 1 0 0 0 0 0 0 0 0 0 8
0 0 0 1 0 0 0 0 0 0 0 0 0 0 0 0 0 1 1 0 7
0 0 0 0 0 0 0 1 0 0 0 0 1 1 0 0 0 0 0 0 8
0 1 0 0 0 0 0 0 0 1 0 0 0 0 1 0 0 0 0 0 6
0 0 0 0 0 0 0 0 0 0 0 0 0 1 0 0 1 0 0 0 4
0 0 0 0 0 0 0 0 1 1 0 0 0 0 0 0 0 0 1 0 3
Tempo Total de Execução: 0.224ms

0 0 0 0 1 0 0 0 0 0 0 1 0 0 0 0 0 0 0 0 2
0 1 0 0 0 0 0 0 0 1 0 0 0 0 1 0 0 0 0 0 5
0 0 0 0 0 0 0 1 0 0 0 0 1 1 0 0 0 0 0 0 8
0 0 0 0 1 0 0 0 0 0 0 1 0 0 0 0 0 0 0 0 6
0 0 0 0 1 0 0 0 0 0 0 0 0 0 0 0 0 0 0 1 7
0 0 0 0 0 0 0 0 0 0 0 1 0 0 0 1 1 0 0 0 9
0 0 0 0 1 1 0 0 0 0 0 1 0 0 0 0 1 0 0 0 9
0 0 0 0 0 1 0 0 0 0 0 1 0 0 0 0 0 0 0 0 8
0 0 0 0 0 0 0 0 1 1 0 0 0 0 0 0 0 0 1 0 8
0 0 0 0 0 0 0 0 0 0 0 0 0 1 0 0 1 0 0 0 7
0 0 0 1 0 0 0 0 0 0 0 0 0 0 0 0 0 1 1 0 7
1 0 0 1 0 0 0 0 0 0 0 0 0 0 0 0 0 0 0 0 7
1 0 1 0 0 0 0 0 0 0 0 0 0 0 0 0 0 0 0 0 7
1 0 0 0 0 0 1 0 0 0 0 0 0 0 0 0 0 0 0 1 8
0 1 0 0 0 0 1 0 0 1 1 0 0 0 0 0 0 0 0 0 7
0 1 1 0 0 0 0 0 0 0 0 0 0 0 1 0 0 1 0 0 4
Tempo Total de Execução: 0.143ms

1 0 0 0 0 0 1 0 0 0 0 0 0 0 0 0 0 0 0 1 3
1 0 1 0 0 0 0 0 0 0 0 0 0 0 0 0 0 0 0 0 4
1 0 0 1 0 0 0 0 0 0 0 0 0 0 0 0 0 0 0 0 5
0 0 0 0 0 0 0 0 1 1 0 0 0 0 0 0 0 0 1 0 7
0 0 0 1 0 0 0 0 0 0 0 0 0 0 0 0 0 1 1 0 7
0 0 0 0 0 0 0 1 0 0 0 0 1 1 0 0 0 0 0 0 8
0 0 0 0 0 0 0 0 0 0 0 0 0 1 0 0 1 0 0 0 7
0 1 1 0 0 0 0 0 0 0 0 0 0 0 1 0 0 1 0 0 8
0 0 0 0 0 0 0 0 0 0 0 1 0 0 0 1 1 0 0 0 8
0 0 0 0 1 0 0 0 0 0 0 0 0 0 0 0 0 0 0 1 8
0 1 0 0 0 0 0 0 0 1 0 0 0 0 1 0 0 0 0 0 7
0 0 0 0 1 0 0 0 0 0 0 1 0 0 0 0 0 0 0 0 6
0 0 0 0 0 1 0 0 0 0 0 1 0 0 0 0 0 0 0 0 7
0 0 0 0 1 1 0 0 0 0 0 1 0 0 0 0 1 0 0 0 7
0 1 0 0 0 0 1 0 0 1 1 0 0 0 0 0 0 0 0 0 6
0 0 0 0 1 0 0 0 0 0 0 1 0 0 0 0 0 0 0 0 2
Tempo Total de Execução: 0.153ms

0 1 1 0 0 0 0 0 0 0 0 0 0 0 1 0 0 1 0 0 4
1 0 1 0 0 0 0 0 0 0 0 0 0 0 0 0 0 0 0 0 5
1 0 0 0 0 0 1 0 0 0 0 0 0 0 0 0 0 0 0 1 6
0 0 0 0 1 0 0 0 0 0 0 1 0 0 0 0 0 0 0 0 8
0 0 0 0 1 0 0 0 0 0 0 0 0 0 0 0 0 0 0 1 8
1 0 0 1 0 0 0 0 0 0 0 0 0 0 0 0 0 0 0 0 8
0 0 0 0 1 0 0 0 0 0 0 1 0 0 0 0 0 0 0 0 7
0 1 0 0 0 0 0 0 0 1 0 0 0 0 1 0 0 0 0 0 8
0 1 0 0 0 0 1 0 0 1 1 0 0 0 0 0 0 0 0 0 8
0 0 0 0 0 0 0 1 0 0 0 0 1 1 0 0 0 0 0 0 8
0 0 0 0 0 0 0 0 0 0 0 1 0 0 0 1 1 0 0 0 8
0 0 0 1 0 0 0 0 0 0 0 0 0 0 0 0 0 1 1 0 8
0 0 0 0 0 1 0 0 0 0 0 1 0 0 0 0 0 0 0 0 7
0 0 0 0 1 1 0 0 0 0 0 1 0 0 0 0 1 0 0 0 7
0 0 0 0 0 0 0 0 0 0 0 0 0 1 0 0 1 0 0 0 4
0 0 0 0 0 0 0 0 1 1 0 0 0 0 0 0 0 0 1 0 3
Tempo Total de Execução: 0.141ms

0 1 0 0 0 0 1 0 0 1 1 0 0 0 0 0 0 0 0 0 4
0 0 0 0 0 0 0 0 0 0 0 1 0 0 0 1 1 0 0 0 6
0 0 0 0 0 0 0 0 1 1 0 0 0 0 0 0 0 0 1 0 7
0 0 0 0 1 0 0 0 0 0 0 1 0 0 0 0 0 0 0 0 7
0 0 0 0 1 0 0 0 0 0 0 1 0 0 0 0 0 0 0 0 7
0 0 0 0 0 1 0 0 0 0 0 1 0 0 0 0 0 0 0 0 8
0 0 0 0 1 1 0 0 0 0 0 1 0 0 0 0 1 0 0 0 8
1 0 0 0 0 0 1 0 0 0 0 0 0 0 0 0 0 0 0 1 8
1 0 1 0 0 0 0 0 0 0 0 0 0 0 0 0 0 0 0 0 8
0 0 0 0 1 0 0 0 0 0 0 0 0 0 0 0 0 0 0 1 8
0 1 0 0 0 0 0 0 0 1 0 0 0 0 1 0 0 0 0 0 7
0 0 0 1 0 0 0 0 0 0 0 0 0 0 0 0 0 1 1 0 8
0 1 1 0 0 0 0 0 0 0 0 0 0 0 1 0 0 1 0 0 7
0 0 0 0 0 0 0 0 0 0 0 0 0 1 0 0 1 0 0 0 4
1 0 0 1 0 0 0 0 0 0 0 0 0 0 0 0 0 0 0 0 3
0 0 0 0 0 0 0 1 0 0 0 0 1 1 0 0 0 0 0 0 3
Tempo Total de Execução: 0.079ms

1 0 0 0 0 0 1 0 0 0 0 0 0 0 0 0 0 0 0 1 3
0 1 0 0 0 0 1 0 0 1 1 0 0 0 0 0 0 0 0 0 6
0 0 0 0 1 0 0 0 0 0 0 1 0 0 0 0 0 0 0 0 6
0 0 0 0 0 0 0 0 0 0 0 1 0 0 0 1 1 0 0 0 8
0 0 0 0 1 0 0 0 0 0 0 1 0 0 0 0 0 0 0 0 7
0 0 0 0 1 0 0 0 0 0 0 0 0 0 0 0 0 0 0 1 7
0 0 0 0 0 1 0 0 0 0 0 1 0 0 0 0 0 0 0 0 7
1 0 0 1 0 0 0 0 0 0 0 0 0 0 0 0 0 0 0 0 8
0 0 0 0 1 1 0 0 0 0 0 1 0 0 0 0 1 0 0 0 8
1 0 1 0 0 0 0 0 0 0 0 0 0 0 0 0 0 0 0 0 6
0 0 0 0 0 0 0 0 0 0 0 0 0 1 0 0 1 0 0 0 6
0 1 1 0 0 0 0 0 0 0 0 0 0 0 1 0 0 1 0 0 7
0 0 0 0 0 0 0 1 0 0 0 0 1 1 0 0 0 0 0 0 8
0 0 0 0 0 0 0 0 1 1 0 0 0 0 0 0 0 0 1 0 7
0 0 0 1 0 0 0 0 0 0 0 0 0 0 0 0 0 1 1 0 6
0 1 0 0 0 0 0 0 0 1 0 0 0 0 1 0 0 0 0 0 3
Tempo Total de Execução: 0.0899ms

0 0 0 0 0 0 0 0 0 0 0 0 0 1 0 0 1 0 0 0 2
0 0 0 1 0 0 0 0 0 0 0 0 0 0 0 0 0 1 1 0 5
0 0 0 0 0 0 0 1 0 0 0 0 1 1 0 0 0 0 0 0 7
0 0 0 0 0 0 0 0 0 0 0 1 0 0 0 1 1 0 0 0 6
0 0 0 0 1 1 0 0 0 0 0 1 0 0 0 0 1 0 0 0 7
0 0 0 0 0 0 0 0 1 1 0 0 0 0 0 0 0 0 1 0 8
0 0 0 0 1 0 0 0 0 0 0 1 0 0 0 0 0 0 0 0 6
1 0 0 0 0 0 1 0 0 0 0 0 0 0 0 0 0 0 0 1 9
1 0 0 1 0 0 0 0 0 0 0 0 0 0 0 0 0 0 0 0 9
0 0 0 0 1 0 0 0 0 0 0 1 0 0 0 0 0 0 0 0 8
0 0 0 0 1 0 0 0 0 0 0 0 0 0 0 0 0 0 0 1 8
1 0 1 0 0 0 0 0 0 0 0 0 0 0 0 0 0 0 0 0 7
0 0 0 0 0 1 0 0 0 0 0 1 0 0 0 0 0 0 0 0 6
0 1 0 0 0 0 0 0 0 1 0 0 0 0 1 0 0 0 0 0 6
0 1 0 0 0 0 1 0 0 1 1 0 0 0 0 0 0 0 0 0 7
0 1 1 0 0 0 0 0 0 0 0 0 0 0 1 0 0 1 0 0 4
Tempo Total de Execução: 0.201ms

0 0 0 0 1 1 0 0 0 0 0 1 0 0 0 0 1 0 0 0 4
0 0 0 0 0 0 0 1 0 0 0 0 1 1 0 0 0 0 0 0 7
0 0 0 0 1 0 0 0 0 0 0 0 0 0 0 0 0 0 0 1 6
0 0 0 0 1 0 0 0 0 0 0 1 0 0 0 0 0 0 0 0 6
1 0 0 1 0 0 0 0 0 0 0 0 0 0 0 0 0 0 0 0 8
0 0 0 0 1 0 0 0 0 0 0 1 0 0 0 0 0 0 0 0 8
1 0 0 0 0 0 1 0 0 0 0 0 0 0 0 0 0 0 0 1 8
1 0 1 0 0 0 0 0 0 0 0 0 0 0 0 0 0 0 0 0 8
0 0 0 0 0 0 0 0 0 0 0 0 0 1 0 0 1 0 0 0 7
0 0 0 0 0 0 0 0 0 0 0 1 0 0 0 1 1 0 0 0 7
0 0 0 1 0 0 0 0 0 0 0 0 0 0 0 0 0 1 1 0 7
0 0 0 0 0 1 0 0 0 0 0 1 0 0 0 0 0 0 0 0 6
0 0 0 0 0 0 0 0 1 1 0 0 0 0 0 0 0 0 1 0 6
0 1 0 0 0 0 0 0 0 1 0 0 0 0 1 0 0 0 0 0 6
0 1 0 0 0 0 1 0 0 1 1 0 0 0 0 0 0 0 0 0 7
0 1 1 0 0 0 0 0 0 0 0 0 0 0 1 0 0 1 0 0 4
Tempo Total de Execução: 0.109ms

0 0 0 0 0 0 0 0 0 0 0 1 0 0 0 1 1 0 0 0 3
0 0 0 0 1 0 0 0 0 0 0 1 0 0 0 0 0 0 0 0 3
0 0 0 0 1 0 0 0 0 0 0 0 0 0 0 0 0 0 0 1 4
1 0 0 0 0 0 1 0 0 0 0 0 0 0 0 0 0 0 0 1 6
0 0 0 0 0 0 0 1 0 0 0 0 1 1 0 0 0 0 0 0 8
0 0 0 0 1 0 0 0 0 0 0 1 0 0 0 0 0 0 0 0 6
0 0 0 0 1 1 0 0 0 0 0 1 0 0 0 0 1 0 0 0 7
1 0 0 1 0 0 0 0 0 0 0 0 0 0 0 0 0 0 0 0 7
0 0 0 0 0 1 0 0 0 0 0 1 0 0 0 0 0 0 0 0 7
1 0 1 0 0 0 0 0 0 0 0 0 0 0 0 0 0 0 0 0 6
0 0 0 1 0 0 0 0 0 0 0 0 0 0 0 0 0 1 1 0 7
0 0 0 0 0 0 0 0 1 1 0 0 0 0 0 0 0 0 1 0 8
0 1 0 0 0 0 0 0 0 1 0 0 0 0 1 0 0 0 0 0 8
0 0 0 0 0 0 0 0 0 0 0 0 0 1 0 0 1 0 0 0 8
0 1 0 0 0 0 1 0 0 1 1 0 0 0 0 0 0 0 0 0 7
0 1 1 0 0 0 0 0 0 0 0 0 0 0 1 0 0 1 0 0 4
Tempo Total de Execução: 0.112ms

1 0 0 0 0 0 1 0 0 0 0 0 0 0 0 0 0 0 0 1 3
0 0 0 0 0 0 0 1 0 0 0 0 1 1 0 0 0 0 0 0 6
0 0 0 0 1 0 0 0 0 0 0 0 0 0 0 0 0 0 0 1 5
0 0 0 0 0 0 0 0 0 0 0 1 0 0 0 1 1 0 0 0 7
0 0 0 0 1 0 0 0 0 0 0 1 0 0 0 0 0 0 0 0 6
1 0 0 1 0 0 0 0 0 0 0 0 0 0 0 0 0 0 0 0 7
1 0 1 0 0 0 0 0 0 0 0 0 0 0 0 0 0 0 0 0 8
0 0 0 0 0 0 0 0 0 0 0 0 0 1 0 0 1 0 0 0 7
0 0 0 0 0 1 0 0 0 0 0 1 0 0 0 0 0 0 0 0 7
0 0 0 0 1 1 0 0 0 0 0 1 0 0 0 0 1 0 0 0 7
0 1 1 0 0 0 0 0 0 0 0 0 0 0 1 0 0 1 0 0 8
0 0 0 0 1 0 0 0 0 0 0 1 0 0 0 0 0 0 0 0 7
0 0 0 1 0 0 0 0 0 0 0 0 0 0 0 0 0 1 1 0 6
0 0 0 0 0 0 0 0 1 1 0 0 0 0 0 0 0 0 1 0 6
0 1 0 0 0 0 1 0 0 1 1 0 0 0 0 0 0 0 0 0 5
0 1 0 0 0 0 0 0 0 1 0 0 0 0 1 0 0 0 0 0 3
Tempo Total de Execução: 0.2ms

1 0 0 0 0 0 1 0 0 0 0 0 0 0 0 0 0 0 0 1 3
1 0 0 1 0 0 0 0 0 0 0 0 0 0 0 0 0 0 0 0 4
0 1 1 0 0 0 0 0 0 0 0 0 0 0 1 0 0 1 0 0 8
0 0 0 1 0 0 0 0 0 0 0 0 0 0 0 0 0 1 1 0 9
0 1 0 0 0 0 0 0 0 1 0 0 0 0 1 0 0 0 0 0 8
1 0 1 0 0 0 0 0 0 0 0 0 0 0 0 0 0 0 0 0 7
0 0 0 0 1 0 0 0 0 0 0 0 0 0 0 0 0 0 0 1 6
0 0 0 0 0 0 0 0 0 0 0 0 0 1 0 0 1 0 0 0 7
0 0 0 0 0 0 0 1 0 0 0 0 1 1 0 0 0 0 0 0 9
0 0 0 0 0 1 0 0 0 0 0 1 0 0 0 0 0 0 0 0 8
0 0 0 0 1 0 0 0 0 0 0 1 0 0 0 0 0 0 0 0 8
0 0 0 0 0 0 0 0 1 1 0 0 0 0 0 0 0 0 1 0 9
0 0 0 0 0 0 0 0 0 0 0 1 0 0 0 1 1 0 0 0 8
0 0 0 0 1 1 0 0 0 0 0 1 0 0 0 0 1 0 0 0 7
0 1 0 0 0 0 1 0 0 1 1 0 0 0 0 0 0 0 0 0 6
0 0 0 0 1 0 0 0 0 0 0 1 0 0 0 0 0 0 0 0 2
Tempo Total de Execução: 0.134ms

0 0 0 0 1 0 0 0 0 0 0 1 0 0 0 0 0 0 0 0 2
1 0 0 0 0 0 1 0 0 0 0 0 0 0 0 0 0 0 0 1 5
0 0 0 0 1 0 0 0 0 0 0 0 0 0 0 0 0 0 0 1 5
1 0 0 1 0 0 0 0 0 0 0 0 0 0 0 0 0 0 0 0 5
0 0 0 0 0 0 0 0 1 1 0 0 0 0 0 0 0 0 1 0 8
0 0 0 1 0 0 0 0 0 0 0 0 0 0 0 0 0 1 1 0 8
1 0 1 0 0 0 0 0 0 0 0 0 0 0 0 0 0 0 0 0 7
0 1 1 0 0 0 0 0 0 0 0 0 0 0 1 0 0 1 0 0 8
0 0 0 0 0 0 0 0 0 0 0 1 0 0 0 1 1 0 0 0 8
0 0 0 0 1 0 0 0 0 0 0 1 0 0 0 0 0 0 0 0 7
0 0 0 0 0 1 0 0 0 0 0 1 0 0 0 0 0 0 0 0 8
0 1 0 0 0 0 0 0 0 1 0 0 0 0 1 0 0 0 0 0 8
0 1 0 0 0 0 1 0 0 1 1 0 0 0 0 0 0 0 0 0 8
0 0 0 0 1 1 0 0 0 0 0 1 0 0 0 0 1 0 0 0 4
0 0 0 0 0 0 0 0 0 0 0 0 0 1 0 0 1 0 0 0 2
0 0 0 0 0 0 0 1 0 0 0 0 1 1 0 0 0 0 0 0 3
Tempo Total de Execução: 0.126ms

0 0 0 0 0 0 0 1 0 0 0 0 1 1 0 0 0 0 0 0 3
0 0 0 0 0 0 0 0 1 1 0 0 0 0 0 0 0 0 1 0 4
0 0 0 0 1 0 0 0 0 0 0 0 0 0 0 0 0 0 0 1 5
0 0 0 0 0 0 0 0 0 0 0 0 0 1 0 0 1 0 0 0 6
0 0 0 0 0 1 0 0 0 0 0 1 0 0 0 0 0 0 0 0 7
0 0 0 0 1 1 0 0 0 0 0 1 0 0 0 0 1 0 0 0 7
0 0 0 0 0 0 0 0 0 0 0 1 0 0 0 1 1 0 0 0 7
0 1 0 0 0 0 0 0 0 1 0 0 0 0 1 0 0 0 0 0 7
0 0 0 0 1 0 0 0 0 0 0 1 0 0 0 0 0 0 0 0 7
0 0 0 0 1 0 0 0 0 0 0 1 0 0 0 0 0 0 0 0 7
0 0 0 1 0 0 0 0 0 0 0 0 0 0 0 0 0 1 1 0 7
1 0 0 1 0 0 0 0 0 0 0 0 0 0 0 0 0 0 0 0 7
1 0 0 0 0 0 1 0 0 0 0 0 0 0 0 0 0 0 0 1 7
1 0 1 0 0 0 0 0 0 0 0 0 0 0 0 0 0 0 0 0 7
0 1 0 0 0 0 1 0 0 1 1 0 0 0 0 0 0 0 0 0 7
0 1 1 0 0 0 0 0 0 0 0 0 0 0 1 0 0 1 0 0 4
Tempo Total de Execução: 0.123ms

0 0 0 0 1 0 0 0 0 0 0 1 0 0 0 0 0 0 0 0 2
0 0 0 0 1 0 0 0 0 0 0 0 0 0 0 0 0 0 0 1 3
1 0 0 0 0 0 1 0 0 0 0 0 0 0 0 0 0 0 0 1 5
0 0 0 0 0 1 0 0 0 0 0 1 0 0 0 0 0 0 0 0 5
0 0 0 0 1 0 0 0 0 0 0 1 0 0 0 0 0 0 0 0 5
0 1 0 0 0 0 1 0 0 1 1 0 0 0 0 0 0 0 0 0 8
0 0 0 0 0 0 0 0 0 0 0 1 0 0 0 1 1 0 0 0 8
0 0 0 0 1 1 0 0 0 0 0 1 0 0 0 0 1 0 0 0 7
1 0 1 0 0 0 0 0 0 0 0 0 0 0 0 0 0 0 0 0 5
0 1 0 0 0 0 0 0 0 1 0 0 0 0 1 0 0 0 0 0 6
0 0 0 0 0 0 0 0 0 0 0 0 0 1 0 0 1 0 0 0 7
0 0 0 0 0 0 0 1 0 0 0 0 1 1 0 0 0 0 0 0 8
0 0 0 0 0 0 0 0 1 1 0 0 0 0 0 0 0 0 1 0 7
1 0 0 1 0 0 0 0 0 0 0 0 0 0 0 0 0 0 0 0 6
0 0 0 1 0 0 0 0 0 0 0 0 0 0 0 0 0 1 1 0 6
0 1 1 0 0 0 0 0 0 0 0 0 0 0 1 0 0 1 0 0 4
Tempo Total de Execução: 0.124ms

0 1 0 0 0 0 1 0 0 1 1 0 0 0 0 0 0 0 0 0 4
0 0 0 0 0 0 0 0 0 0 0 1 0 0 0 1 1 0 0 0 6
0 0 0 0 0 0 0 0 1 1 0 0 0 0 0 0 0 0 1 0 7
0 0 0 0 1 0 0 0 0 0 0 1 0 0 0 0 0 0 0 0 7
0 0 0 0 1 0 0 0 0 0 0 1 0 0 0 0 0 0 0 0 7
0 0 0 0 0 1 0 0 0 0 0 1 0 0 0 0 0 0 0 0 8
0 0 0 0 1 1 0 0 0 0 0 1 0 0 0 0 1 0 0 0 8
1 0 0 0 0 0 1 0 0 0 0 0 0 0 0 0 0 0 0 1 8
1 0 1 0 0 0 0 0 0 0 0 0 0 0 0 0 0 0 0 0 8
0 0 0 0 1 0 0 0 0 0 0 0 0 0 0 0 0 0 0 1 8
0 1 0 0 0 0 0 0 0 1 0 0 0 0 1 0 0 0 0 0 7
0 0 0 1 0 0 0 0 0 0 0 0 0 0 0 0 0 1 1 0 8
0 1 1 0 0 0 0 0 0 0 0 0 0 0 1 0 0 1 0 0 7
0 0 0 0 0 0 0 0 0 0 0 0 0 1 0 0 1 0 0 0 4
1 0 0 1 0 0 0 0 0 0 0 0 0 0 0 0 0 0 0 0 3
0 0 0 0 0 0 0 1 0 0 0 0 1 1 0 0 0 0 0 0 3
Tempo Total de Execução: 0.078ms

1 0 0 0 0 0 1 0 0 0 0 0 0 0 0 0 0 0 0 1 3
0 1 0 0 0 0 1 0 0 1 1 0 0 0 0 0 0 0 0 0 6
0 0 0 0 1 0 0 0 0 0 0 1 0 0 0 0 0 0 0 0 6
0 0 0 0 0 0 0 0 0 0 0 1 0 0 0 1 1 0 0 0 8
0 0 0 0 1 0 0 0 0 0 0 1 0 0 0 0 0 0 0 0 7
0 0 0 0 1 0 0 0 0 0 0 0 0 0 0 0 0 0 0 1 7
0 0 0 0 0 1 0 0 0 0 0 1 0 0 0 0 0 0 0 0 7
1 0 0 1 0 0 0 0 0 0 0 0 0 0 0 0 0 0 0 0 8
0 0 0 0 1 1 0 0 0 0 0 1 0 0 0 0 1 0 0 0 8
1 0 1 0 0 0 0 0 0 0 0 0 0 0 0 0 0 0 0 0 6
0 0 0 0 0 0 0 0 0 0 0 0 0 1 0 0 1 0 0 0 6
0 1 1 0 0 0 0 0 0 0 0 0 0 0 1 0 0 1 0 0 7
0 0 0 0 0 0 0 1 0 0 0 0 1 1 0 0 0 0 0 0 8
0 0 0 0 0 0 0 0 1 1 0 0 0 0 0 0 0 0 1 0 7
0 0 0 1 0 0 0 0 0 0 0 0 0 0 0 0 0 1 1 0 6
0 1 0 0 0 0 0 0 0 1 0 0 0 0 1 0 0 0 0 0 3
Tempo Total de Execução: 0.088ms

0 0 0 0 0 0 0 0 0 0 0 0 0 1 0 0 1 0 0 0 2
0 0 0 1 0 0 0 0 0 0 0 0 0 0 0 0 0 1 1 0 5
0 0 0 0 0 0 0 1 0 0 0 0 1 1 0 0 0 0 0 0 7
0 0 0 0 0 0 0 0 0 0 0 1 0 0 0 1 1 0 0 0 6
0 0 0 0 1 1 0 0 0 0 0 1 0 0 0 0 1 0 0 0 7
0 0 0 0 0 0 0 0 1 1 0 0 0 0 0 0 0 0 1 0 8
0 0 0 0 1 0 0 0 0 0 0 1 0 0 0 0 0 0 0 0 6
1 0 0 0 0 0 1 0 0 0 0 0 0 0 0 0 0 0 0 1 9
1 0 0 1 0 0 0 0 0 0 0 0 0 0 0 0 0 0 0 0 9
0 0 0 0 1 0 0 0 0 0 0 1 0 0 0 0 0 0 0 0 8
0 0 0 0 1 0 0 0 0 0 0 0 0 0 0 0 0 0 0 1 8
1 0 1 0 0 0 0 0 0 0 0 0 0 0 0 0 0 0 0 0 7
0 0 0 0 0 1 0 0 0 0 0 1 0 0 0 0 0 0 0 0 6
0 1 0 0 0 0 0 0 0 1 0 0 0 0 1 0 0 0 0 0 6
0 1 0 0 0 0 1 0 0 1 1 0 0 0 0 0 0 0 0 0 7
0 1 1 0 0 0 0 0 0 0 0 0 0 0 1 0 0 1 0 0 4
Tempo Total de Execução: 0.156ms

0 0 0 0 1 1 0 0 0 0 0 1 0 0 0 0 1 0 0 0 4
0 0 0 0 0 0 0 1 0 0 0 0 1 1 0 0 0 0 0 0 7
0 0 0 0 1 0 0 0 0 0 0 0 0 0 0 0 0 0 0 1 6
0 0 0 0 1 0 0 0 0 0 0 1 0 0 0 0 0 0 0 0 6
1 0 0 1 0 0 0 0 0 0 0 0 0 0 0 0 0 0 0 0 8
0 0 0 0 1 0 0 0 0 0 0 1 0 0 0 0 0 0 0 0 8
1 0 0 0 0 0 1 0 0 0 0 0 0 0 0 0 0 0 0 1 8
1 0 1 0 0 0 0 0 0 0 0 0 0 0 0 0 0 0 0 0 8
0 0 0 0 0 0 0 0 0 0 0 0 0 1 0 0 1 0 0 0 7
0 0 0 0 0 0 0 0 0 0 0 1 0 0 0 1 1 0 0 0 7
0 0 0 1 0 0 0 0 0 0 0 0 0 0 0 0 0 1 1 0 7
0 0 0 0 0 1 0 0 0 0 0 1 0 0 0 0 0 0 0 0 6
0 0 0 0 0 0 0 0 1 1 0 0 0 0 0 0 0 0 1 0 6
0 1 0 0 0 0 0 0 0 1 0 0 0 0 1 0 0 0 0 0 6
0 1 0 0 0 0 1 0 0 1 1 0 0 0 0 0 0 0 0 0 7
0 1 1 0 0 0 0 0 0 0 0 0 0 0 1 0 0 1 0 0 4
Tempo Total de Execução: 0.103ms

0 0 0 0 0 0 0 0 0 0 0 1 0 0 0 1 1 0 0 0 3
0 0 0 0 1 0 0 0 0 0 0 1 0 0 0 0 0 0 0 0 3
0 0 0 0 1 0 0 0 0 0 0 0 0 0 0 0 0 0 0 1 4
1 0 0 0 0 0 1 0 0 0 0 0 0 0 0 0 0 0 0 1 6
0 0 0 0 0 0 0 1 0 0 0 0 1 1 0 0 0 0 0 0 8
0 0 0 0 1 0 0 0 0 0 0 1 0 0 0 0 0 0 0 0 6
0 0 0 0 1 1 0 0 0 0 0 1 0 0 0 0 1 0 0 0 7
1 0 0 1 0 0 0 0 0 0 0 0 0 0 0 0 0 0 0 0 7
0 0 0 0 0 1 0 0 0 0 0 1 0 0 0 0 0 0 0 0 7
1 0 1 0 0 0 0 0 0 0 0 0 0 0 0 0 0 0 0 0 6
0 0 0 1 0 0 0 0 0 0 0 0 0 0 0 0 0 1 1 0 7
0 0 0 0 0 0 0 0 1 1 0 0 0 0 0 0 0 0 1 0 8
0 1 0 0 0 0 0 0 0 1 0 0 0 0 1 0 0 0 0 0 8
0 0 0 0 0 0 0 0 0 0 0 0 0 1 0 0 1 0 0 0 8
0 1 0 0 0 0 1 0 0 1 1 0 0 0 0 0 0 0 0 0 7
0 1 1 0 0 0 0 0 0 0 0 0 0 0 1 0 0 1 0 0 4
Tempo Total de Execução: 0.117ms

1 0 0 0 0 0 1 0 0 0 0 0 0 0 0 0 0 0 0 1 3
0 0 0 0 0 0 0 1 0 0 0 0 1 1 0 0 0 0 0 0 6
0 0 0 0 1 0 0 0 0 0 0 0 0 0 0 0 0 0 0 1 5
0 0 0 0 0 0 0 0 0 0 0 1 0 0 0 1 1 0 0 0 7
0 0 0 0 1 0 0 0 0 0 0 1 0 0 0 0 0 0 0 0 6
1 0 0 1 0 0 0 0 0 0 0 0 0 0 0 0 0 0 0 0 7
1 0 1 0 0 0 0 0 0 0 0 0 0 0 0 0 0 0 0 0 8
0 0 0 0 0 0 0 0 0 0 0 0 0 1 0 0 1 0 0 0 7
0 0 0 0 0 1 0 0 0 0 0 1 0 0 0 0 0 0 0 0 7
0 0 0 0 1 1 0 0 0 0 0 1 0 0 0 0 1 0 0 0 7
0 1 1 0 0 0 0 0 0 0 0 0 0 0 1 0 0 1 0 0 8
0 0 0 0 1 0 0 0 0 0 0 1 0 0 0 0 0 0 0 0 7
0 0 0 1 0 0 0 0 0 0 0 0 0 0 0 0 0 1 1 0 6
0 0 0 0 0 0 0 0 1 1 0 0 0 0 0 0 0 0 1 0 6
0 1 0 0 0 0 1 0 0 1 1 0 0 0 0 0 0 0 0 0 5
0 1 0 0 0 0 0 0 0 1 0 0 0 0 1 0 0 0 0 0 3
Tempo Total de Execução: 0.248ms

1 0 0 0 0 0 1 0 0 0 0 0 0 0 0 0 0 0 0 1 3
1 0 0 1 0 0 0 0 0 0 0 0 0 0 0 0 0 0 0 0 4
0 1 1 0 0 0 0 0 0 0 0 0 0 0 1 0 0 1 0 0 8
0 0 0 1 0 0 0 0 0 0 0 0 0 0 0 0 0 1 1 0 9
0 1 0 0 0 0 0 0 0 1 0 0 0 0 1 0 0 0 0 0 8
1 0 1 0 0 0 0 0 0 0 0 0 0 0 0 0 0 0 0 0 7
0 0 0 0 1 0 0 0 0 0 0 0 0 0 0 0 0 0 0 1 6
0 0 0 0 0 0 0 0 0 0 0 0 0 1 0 0 1 0 0 0 7
0 0 0 0 0 0 0 1 0 0 0 0 1 1 0 0 0 0 0 0 9
0 0 0 0 0 1 0 0 0 0 0 1 0 0 0 0 0 0 0 0 8
0 0 0 0 1 0 0 0 0 0 0 1 0 0 0 0 0 0 0 0 8
0 0 0 0 0 0 0 0 1 1 0 0 0 0 0 0 0 0 1 0 9
0 0 0 0 0 0 0 0 0 0 0 1 0 0 0 1 1 0 0 0 8
0 0 0 0 1 1 0 0 0 0 0 1 0 0 0 0 1 0 0 0 7
0 1 0 0 0 0 1 0 0 1 1 0 0 0 0 0 0 0 0 0 6
0 0 0 0 1 0 0 0 0 0 0 1 0 0 0 0 0 0 0 0 2
Tempo Total de Execução: 0.123ms

0 0 0 0 1 0 0 0 0 0 0 1 0 0 0 0 0 0 0 0 2
1 0 0 0 0 0 1 0 0 0 0 0 0 0 0 0 0 0 0 1 5
0 0 0 0 1 0 0 0 0 0 0 0 0 0 0 0 0 0 0 1 5
1 0 0 1 0 0 0 0 0 0 0 0 0 0 0 0 0 0 0 0 5
0 0 0 0 0 0 0 0 1 1 0 0 0 0 0 0 0 0 1 0 8
0 0 0 1 0 0 0 0 0 0 0 0 0 0 0 0 0 1 1 0 8
1 0 1 0 0 0 0 0 0 0 0 0 0 0 0 0 0 0 0 0 7
0 1 1 0 0 0 0 0 0 0 0 0 0 0 1 0 0 1 0 0 8
0 0 0 0 0 0 0 0 0 0 0 1 0 0 0 1 1 0 0 0 8
0 0 0 0 1 0 0 0 0 0 0 1 0 0 0 0 0 0 0 0 7
0 0 0 0 0 1 0 0 0 0 0 1 0 0 0 0 0 0 0 0 8
0 1 0 0 0 0 0 0 0 1 0 0 0 0 1 0 0 0 0 0 8
0 1 0 0 0 0 1 0 0 1 1 0 0 0 0 0 0 0 0 0 8
0 0 0 0 1 1 0 0 0 0 0 1 0 0 0 0 1 0 0 0 4
0 0 0 0 0 0 0 0 0 0 0 0 0 1 0 0 1 0 0 0 2
0 0 0 0 0 0 0 1 0 0 0 0 1 1 0 0 0 0 0 0 3
Tempo Total de Execução: 0.142ms

0 0 0 0 0 0 0 1 0 0 0 0 1 1 0 0 0 0 0 0 3
0 0 0 0 0 0 0 0 1 1 0 0 0 0 0 0 0 0 1 0 4
0 0 0 0 1 0 0 0 0 0 0 0 0 0 0 0 0 0 0 1 5
0 0 0 0 0 0 0 0 0 0 0 0 0 1 0 0 1 0 0 0 6
0 0 0 0 0 1 0 0 0 0 0 1 0 0 0 0 0 0 0 0 7
0 0 0 0 1 1 0 0 0 0 0 1 0 0 0 0 1 0 0 0 7
0 0 0 0 0 0 0 0 0 0 0 1 0 0 0 1 1 0 0 0 7
0 1 0 0 0 0 0 0 0 1 0 0 0 0 1 0 0 0 0 0 7
0 0 0 0 1 0 0 0 0 0 0 1 0 0 0 0 0 0 0 0 7
0 0 0 0 1 0 0 0 0 0 0 1 0 0 0 0 0 0 0 0 7
0 0 0 1 0 0 0 0 0 0 0 0 0 0 0 0 0 1 1 0 7
1 0 0 1 0 0 0 0 0 0 0 0 0 0 0 0 0 0 0 0 7
1 0 0 0 0 0 1 0 0 0 0 0 0 0 0 0 0 0 0 1 7
1 0 1 0 0 0 0 0 0 0 0 0 0 0 0 0 0 0 0 0 7
0 1 0 0 0 0 1 0 0 1 1 0 0 0 0 0 0 0 0 0 7
0 1 1 0 0 0 0 0 0 0 0 0 0 0 1 0 0 1 0 0 4
Tempo Total de Execução: 0.11ms

0 0 0 0 1 0 0 0 0 0 0 1 0 0 0 0 0 0 0 0 2
0 0 0 0 1 0 0 0 0 0 0 0 0 0 0 0 0 0 0 1 3
1 0 0 0 0 0 1 0 0 0 0 0 0 0 0 0 0 0 0 1 5
0 0 0 0 0 1 0 0 0 0 0 1 0 0 0 0 0 0 0 0 5
0 0 0 0 1 0 0 0 0 0 0 1 0 0 0 0 0 0 0 0 5
0 1 0 0 0 0 1 0 0 1 1 0 0 0 0 0 0 0 0 0 8
0 0 0 0 0 0 0 0 0 0 0 1 0 0 0 1 1 0 0 0 8
0 0 0 0 1 1 0 0 0 0 0 1 0 0 0 0 1 0 0 0 7
1 0 1 0 0 0 0 0 0 0 0 0 0 0 0 0 0 0 0 0 5
0 1 0 0 0 0 0 0 0 1 0 0 0 0 1 0 0 0 0 0 6
0 0 0 0 0 0 0 0 0 0 0 0 0 1 0 0 1 0 0 0 7
0 0 0 0 0 0 0 1 0 0 0 0 1 1 0 0 0 0 0 0 8
0 0 0 0 0 0 0 0 1 1 0 0 0 0 0 0 0 0 1 0 7
1 0 0 1 0 0 0 0 0 0 0 0 0 0 0 0 0 0 0 0 6
0 0 0 1 0 0 0 0 0 0 0 0 0 0 0 0 0 1 1 0 6
0 1 1 0 0 0 0 0 0 0 0 0 0 0 1 0 0 1 0 0 4
Tempo Total de Execução: 0.15ms

