0 0 0 1 0 0 0 0 0 0 0 0 0 0 0 0 0 1 1 0 3
0 0 0 0 0 1 0 0 0 0 0 1 0 0 0 0 0 0 0 0 5
0 0 0 0 0 0 0 0 0 0 0 0 0 1 0 0 1 0 0 0 7
0 0 0 0 1 0 0 0 0 0 0 1 0 0 0 0 0 0 0 0 8
0 1 0 0 0 0 0 0 0 1 0 0 0 0 1 0 0 0 0 0 11
0 0 0 0 0 0 0 1 0 0 0 0 1 1 0 0 0 0 0 0 13
0 0 0 0 1 0 0 0 0 0 0 1 0 0 0 0 0 0 0 0 10
0 0 0 0 1 0 0 0 0 0 0 0 0 0 0 0 0 0 0 1 11
0 1 0 0 0 0 1 0 0 1 1 0 0 0 0 0 0 0 0 0 13
1 0 1 0 0 0 0 0 0 0 0 0 0 0 0 0 0 0 0 0 14
1 0 0 1 0 0 0 0 0 0 0 0 0 0 0 0 0 0 0 0 14
1 0 0 0 0 0 1 0 0 0 0 0 0 0 0 0 0 0 0 1 13
0 0 0 0 0 0 0 0 0 0 0 1 0 0 0 1 1 0 0 0 11
0 0 0 0 0 0 0 0 1 1 0 0 0 0 0 0 0 0 1 0 11
0 0 0 0 1 1 0 0 0 0 0 1 0 0 0 0 1 0 0 0 8
0 1 1 0 0 0 0 0 0 0 0 0 0 0 1 0 0 1 0 0 4
Tempo Total de Execução: 0.001ms

0 0 0 1 0 0 0 0 0 0 0 0 0 0 0 0 0 1 1 0 3
0 0 0 0 0 1 0 0 0 0 0 1 0 0 0 0 0 0 0 0 5
0 0 0 0 0 0 0 0 0 0 0 0 0 1 0 0 1 0 0 0 7
0 0 0 0 1 0 0 0 0 0 0 1 0 0 0 0 0 0 0 0 8
0 1 0 0 0 0 0 0 0 1 0 0 0 0 1 0 0 0 0 0 11
0 0 0 0 0 0 0 1 0 0 0 0 1 1 0 0 0 0 0 0 13
0 0 0 0 1 0 0 0 0 0 0 1 0 0 0 0 0 0 0 0 10
0 0 0 0 1 0 0 0 0 0 0 0 0 0 0 0 0 0 0 1 11
0 1 0 0 0 0 1 0 0 1 1 0 0 0 0 0 0 0 0 0 13
1 0 1 0 0 0 0 0 0 0 0 0 0 0 0 0 0 0 0 0 14
1 0 0 1 0 0 0 0 0 0 0 0 0 0 0 0 0 0 0 0 14
1 0 0 0 0 0 1 0 0 0 0 0 0 0 0 0 0 0 0 1 13
0 0 0 0 0 0 0 0 0 0 0 1 0 0 0 1 1 0 0 0 11
0 0 0 0 0 0 0 0 1 1 0 0 0 0 0 0 0 0 1 0 11
0 0 0 0 1 1 0 0 0 0 0 1 0 0 0 0 1 0 0 0 8
0 1 1 0 0 0 0 0 0 0 0 0 0 0 1 0 0 1 0 0 4
Tempo Total de Execução: 0.00198ms

0 0 0 1 0 0 0 0 0 0 0 0 0 0 0 0 0 1 1 0 3
0 0 0 0 0 1 0 0 0 0 0 1 0 0 0 0 0 0 0 0 5
0 0 0 0 0 0 0 0 0 0 0 0 0 1 0 0 1 0 0 0 7
0 0 0 0 1 0 0 0 0 0 0 1 0 0 0 0 0 0 0 0 8
0 1 0 0 0 0 0 0 0 1 0 0 0 0 1 0 0 0 0 0 11
0 0 0 0 0 0 0 1 0 0 0 0 1 1 0 0 0 0 0 0 13
0 0 0 0 1 0 0 0 0 0 0 1 0 0 0 0 0 0 0 0 10
0 0 0 0 1 0 0 0 0 0 0 0 0 0 0 0 0 0 0 1 11
0 1 0 0 0 0 1 0 0 1 1 0 0 0 0 0 0 0 0 0 13
1 0 1 0 0 0 0 0 0 0 0 0 0 0 0 0 0 0 0 0 14
1 0 0 1 0 0 0 0 0 0 0 0 0 0 0 0 0 0 0 0 14
1 0 0 0 0 0 1 0 0 0 0 0 0 0 0 0 0 0 0 1 13
0 0 0 0 0 0 0 0 0 0 0 1 0 0 0 1 1 0 0 0 11
0 0 0 0 0 0 0 0 1 1 0 0 0 0 0 0 0 0 1 0 11
0 0 0 0 1 1 0 0 0 0 0 1 0 0 0 0 1 0 0 0 8
0 1 1 0 0 0 0 0 0 0 0 0 0 0 1 0 0 1 0 0 4
Tempo Total de Execução: 0.002ms

0 0 0 1 0 0 0 0 0 0 0 0 0 0 0 0 0 1 1 0 3
0 0 0 0 0 1 0 0 0 0 0 1 0 0 0 0 0 0 0 0 5
0 0 0 0 0 0 0 0 0 0 0 0 0 1 0 0 1 0 0 0 7
0 0 0 0 1 0 0 0 0 0 0 1 0 0 0 0 0 0 0 0 8
0 1 0 0 0 0 0 0 0 1 0 0 0 0 1 0 0 0 0 0 11
0 0 0 0 0 0 0 1 0 0 0 0 1 1 0 0 0 0 0 0 13
0 0 0 0 1 0 0 0 0 0 0 1 0 0 0 0 0 0 0 0 10
0 0 0 0 1 0 0 0 0 0 0 0 0 0 0 0 0 0 0 1 11
0 1 0 0 0 0 1 0 0 1 1 0 0 0 0 0 0 0 0 0 13
1 0 1 0 0 0 0 0 0 0 0 0 0 0 0 0 0 0 0 0 14
1 0 0 1 0 0 0 0 0 0 0 0 0 0 0 0 0 0 0 0 14
1 0 0 0 0 0 1 0 0 0 0 0 0 0 0 0 0 0 0 1 13
0 0 0 0 0 0 0 0 0 0 0 1 0 0 0 1 1 0 0 0 11
0 0 0 0 0 0 0 0 1 1 0 0 0 0 0 0 0 0 1 0 11
0 0 0 0 1 1 0 0 0 0 0 1 0 0 0 0 1 0 0 0 8
0 1 1 0 0 0 0 0 0 0 0 0 0 0 1 0 0 1 0 0 4
Tempo Total de Execução: 0.00199ms

0 0 0 1 0 0 0 0 0 0 0 0 0 0 0 0 0 1 1 0 3
0 0 0 0 0 1 0 0 0 0 0 1 0 0 0 0 0 0 0 0 5
0 0 0 0 0 0 0 0 0 0 0 0 0 1 0 0 1 0 0 0 7
0 0 0 0 1 0 0 0 0 0 0 1 0 0 0 0 0 0 0 0 8
0 1 0 0 0 0 0 0 0 1 0 0 0 0 1 0 0 0 0 0 11
0 0 0 0 0 0 0 1 0 0 0 0 1 1 0 0 0 0 0 0 13
0 0 0 0 1 0 0 0 0 0 0 1 0 0 0 0 0 0 0 0 10
0 0 0 0 1 0 0 0 0 0 0 0 0 0 0 0 0 0 0 1 11
0 1 0 0 0 0 1 0 0 1 1 0 0 0 0 0 0 0 0 0 13
1 0 1 0 0 0 0 0 0 0 0 0 0 0 0 0 0 0 0 0 14
1 0 0 1 0 0 0 0 0 0 0 0 0 0 0 0 0 0 0 0 14
1 0 0 0 0 0 1 0 0 0 0 0 0 0 0 0 0 0 0 1 13
0 0 0 0 0 0 0 0 0 0 0 1 0 0 0 1 1 0 0 0 11
0 0 0 0 0 0 0 0 1 1 0 0 0 0 0 0 0 0 1 0 11
0 0 0 0 1 1 0 0 0 0 0 1 0 0 0 0 1 0 0 0 8
0 1 1 0 0 0 0 0 0 0 0 0 0 0 1 0 0 1 0 0 4
Tempo Total de Execução: 0.00205ms

0 0 0 1 0 0 0 0 0 0 0 0 0 0 0 0 0 1 1 0 3
0 0 0 0 0 1 0 0 0 0 0 1 0 0 0 0 0 0 0 0 5
0 0 0 0 0 0 0 0 0 0 0 0 0 1 0 0 1 0 0 0 7
0 0 0 0 1 0 0 0 0 0 0 1 0 0 0 0 0 0 0 0 8
0 1 0 0 0 0 0 0 0 1 0 0 0 0 1 0 0 0 0 0 11
0 0 0 0 0 0 0 1 0 0 0 0 1 1 0 0 0 0 0 0 13
0 0 0 0 1 0 0 0 0 0 0 1 0 0 0 0 0 0 0 0 10
0 0 0 0 1 0 0 0 0 0 0 0 0 0 0 0 0 0 0 1 11
0 1 0 0 0 0 1 0 0 1 1 0 0 0 0 0 0 0 0 0 13
1 0 1 0 0 0 0 0 0 0 0 0 0 0 0 0 0 0 0 0 14
1 0 0 1 0 0 0 0 0 0 0 0 0 0 0 0 0 0 0 0 14
1 0 0 0 0 0 1 0 0 0 0 0 0 0 0 0 0 0 0 1 13
0 0 0 0 0 0 0 0 0 0 0 1 0 0 0 1 1 0 0 0 11
0 0 0 0 0 0 0 0 1 1 0 0 0 0 0 0 0 0 1 0 11
0 0 0 0 1 1 0 0 0 0 0 1 0 0 0 0 1 0 0 0 8
0 1 1 0 0 0 0 0 0 0 0 0 0 0 1 0 0 1 0 0 4
Tempo Total de Execução: 0.002ms

0 0 0 1 0 0 0 0 0 0 0 0 0 0 0 0 0 1 1 0 3
0 0 0 0 0 1 0 0 0 0 0 1 0 0 0 0 0 0 0 0 5
0 0 0 0 0 0 0 0 0 0 0 0 0 1 0 0 1 0 0 0 7
0 0 0 0 1 0 0 0 0 0 0 1 0 0 0 0 0 0 0 0 8
0 1 0 0 0 0 0 0 0 1 0 0 0 0 1 0 0 0 0 0 11
0 0 0 0 0 0 0 1 0 0 0 0 1 1 0 0 0 0 0 0 13
0 0 0 0 1 0 0 0 0 0 0 1 0 0 0 0 0 0 0 0 10
0 0 0 0 1 0 0 0 0 0 0 0 0 0 0 0 0 0 0 1 11
0 1 0 0 0 0 1 0 0 1 1 0 0 0 0 0 0 0 0 0 13
1 0 1 0 0 0 0 0 0 0 0 0 0 0 0 0 0 0 0 0 14
1 0 0 1 0 0 0 0 0 0 0 0 0 0 0 0 0 0 0 0 14
1 0 0 0 0 0 1 0 0 0 0 0 0 0 0 0 0 0 0 1 13
0 0 0 0 0 0 0 0 0 0 0 1 0 0 0 1 1 0 0 0 11
0 0 0 0 0 0 0 0 1 1 0 0 0 0 0 0 0 0 1 0 11
0 0 0 0 1 1 0 0 0 0 0 1 0 0 0 0 1 0 0 0 8
0 1 1 0 0 0 0 0 0 0 0 0 0 0 1 0 0 1 0 0 4
Tempo Total de Execução: 0.001ms

0 0 0 1 0 0 0 0 0 0 0 0 0 0 0 0 0 1 1 0 3
0 0 0 0 0 1 0 0 0 0 0 1 0 0 0 0 0 0 0 0 5
0 0 0 0 0 0 0 0 0 0 0 0 0 1 0 0 1 0 0 0 7
0 0 0 0 1 0 0 0 0 0 0 1 0 0 0 0 0 0 0 0 8
0 1 0 0 0 0 0 0 0 1 0 0 0 0 1 0 0 0 0 0 11
0 0 0 0 0 0 0 1 0 0 0 0 1 1 0 0 0 0 0 0 13
0 0 0 0 1 0 0 0 0 0 0 1 0 0 0 0 0 0 0 0 10
0 0 0 0 1 0 0 0 0 0 0 0 0 0 0 0 0 0 0 1 11
0 1 0 0 0 0 1 0 0 1 1 0 0 0 0 0 0 0 0 0 13
1 0 1 0 0 0 0 0 0 0 0 0 0 0 0 0 0 0 0 0 14
1 0 0 1 0 0 0 0 0 0 0 0 0 0 0 0 0 0 0 0 14
1 0 0 0 0 0 1 0 0 0 0 0 0 0 0 0 0 0 0 1 13
0 0 0 0 0 0 0 0 0 0 0 1 0 0 0 1 1 0 0 0 11
0 0 0 0 0 0 0 0 1 1 0 0 0 0 0 0 0 0 1 0 11
0 0 0 0 1 1 0 0 0 0 0 1 0 0 0 0 1 0 0 0 8
0 1 1 0 0 0 0 0 0 0 0 0 0 0 1 0 0 1 0 0 4
Tempo Total de Execução: 0.000999ms

0 0 0 1 0 0 0 0 0 0 0 0 0 0 0 0 0 1 1 0 3
0 0 0 0 0 1 0 0 0 0 0 1 0 0 0 0 0 0 0 0 5
0 0 0 0 0 0 0 0 0 0 0 0 0 1 0 0 1 0 0 0 7
0 0 0 0 1 0 0 0 0 0 0 1 0 0 0 0 0 0 0 0 8
0 1 0 0 0 0 0 0 0 1 0 0 0 0 1 0 0 0 0 0 11
0 0 0 0 0 0 0 1 0 0 0 0 1 1 0 0 0 0 0 0 13
0 0 0 0 1 0 0 0 0 0 0 1 0 0 0 0 0 0 0 0 10
0 0 0 0 1 0 0 0 0 0 0 0 0 0 0 0 0 0 0 1 11
0 1 0 0 0 0 1 0 0 1 1 0 0 0 0 0 0 0 0 0 13
1 0 1 0 0 0 0 0 0 0 0 0 0 0 0 0 0 0 0 0 14
1 0 0 1 0 0 0 0 0 0 0 0 0 0 0 0 0 0 0 0 14
1 0 0 0 0 0 1 0 0 0 0 0 0 0 0 0 0 0 0 1 13
0 0 0 0 0 0 0 0 0 0 0 1 0 0 0 1 1 0 0 0 11
0 0 0 0 0 0 0 0 1 1 0 0 0 0 0 0 0 0 1 0 11
0 0 0 0 1 1 0 0 0 0 0 1 0 0 0 0 1 0 0 0 8
0 1 1 0 0 0 0 0 0 0 0 0 0 0 1 0 0 1 0 0 4
Tempo Total de Execução: 0.00102ms

0 0 0 1 0 0 0 0 0 0 0 0 0 0 0 0 0 1 1 0 3
0 0 0 0 0 1 0 0 0 0 0 1 0 0 0 0 0 0 0 0 5
0 0 0 0 0 0 0 0 0 0 0 0 0 1 0 0 1 0 0 0 7
0 0 0 0 1 0 0 0 0 0 0 1 0 0 0 0 0 0 0 0 8
0 1 0 0 0 0 0 0 0 1 0 0 0 0 1 0 0 0 0 0 11
0 0 0 0 0 0 0 1 0 0 0 0 1 1 0 0 0 0 0 0 13
0 0 0 0 1 0 0 0 0 0 0 1 0 0 0 0 0 0 0 0 10
0 0 0 0 1 0 0 0 0 0 0 0 0 0 0 0 0 0 0 1 11
0 1 0 0 0 0 1 0 0 1 1 0 0 0 0 0 0 0 0 0 13
1 0 1 0 0 0 0 0 0 0 0 0 0 0 0 0 0 0 0 0 14
1 0 0 1 0 0 0 0 0 0 0 0 0 0 0 0 0 0 0 0 14
1 0 0 0 0 0 1 0 0 0 0 0 0 0 0 0 0 0 0 1 13
0 0 0 0 0 0 0 0 0 0 0 1 0 0 0 1 1 0 0 0 11
0 0 0 0 0 0 0 0 1 1 0 0 0 0 0 0 0 0 1 0 11
0 0 0 0 1 1 0 0 0 0 0 1 0 0 0 0 1 0 0 0 8
0 1 1 0 0 0 0 0 0 0 0 0 0 0 1 0 0 1 0 0 4
Tempo Total de Execução: 0.00201ms

0 0 0 1 0 0 0 0 0 0 0 0 0 0 0 0 0 1 1 0 3
0 0 0 0 0 1 0 0 0 0 0 1 0 0 0 0 0 0 0 0 5
0 0 0 0 0 0 0 0 0 0 0 0 0 1 0 0 1 0 0 0 7
0 0 0 0 1 0 0 0 0 0 0 1 0 0 0 0 0 0 0 0 8
0 1 0 0 0 0 0 0 0 1 0 0 0 0 1 0 0 0 0 0 11
0 0 0 0 0 0 0 1 0 0 0 0 1 1 0 0 0 0 0 0 13
0 0 0 0 1 0 0 0 0 0 0 1 0 0 0 0 0 0 0 0 10
0 0 0 0 1 0 0 0 0 0 0 0 0 0 0 0 0 0 0 1 11
0 1 0 0 0 0 1 0 0 1 1 0 0 0 0 0 0 0 0 0 13
1 0 1 0 0 0 0 0 0 0 0 0 0 0 0 0 0 0 0 0 14
1 0 0 1 0 0 0 0 0 0 0 0 0 0 0 0 0 0 0 0 14
1 0 0 0 0 0 1 0 0 0 0 0 0 0 0 0 0 0 0 1 13
0 0 0 0 0 0 0 0 0 0 0 1 0 0 0 1 1 0 0 0 11
0 0 0 0 0 0 0 0 1 1 0 0 0 0 0 0 0 0 1 0 11
0 0 0 0 1 1 0 0 0 0 0 1 0 0 0 0 1 0 0 0 8
0 1 1 0 0 0 0 0 0 0 0 0 0 0 1 0 0 1 0 0 4
Tempo Total de Execução: 0.004ms

0 0 0 1 0 0 0 0 0 0 0 0 0 0 0 0 0 1 1 0 3
0 0 0 0 0 1 0 0 0 0 0 1 0 0 0 0 0 0 0 0 5
0 0 0 0 0 0 0 0 0 0 0 0 0 1 0 0 1 0 0 0 7
0 0 0 0 1 0 0 0 0 0 0 1 0 0 0 0 0 0 0 0 8
0 1 0 0 0 0 0 0 0 1 0 0 0 0 1 0 0 0 0 0 11
0 0 0 0 0 0 0 1 0 0 0 0 1 1 0 0 0 0 0 0 13
0 0 0 0 1 0 0 0 0 0 0 1 0 0 0 0 0 0 0 0 10
0 0 0 0 1 0 0 0 0 0 0 0 0 0 0 0 0 0 0 1 11
0 1 0 0 0 0 1 0 0 1 1 0 0 0 0 0 0 0 0 0 13
1 0 1 0 0 0 0 0 0 0 0 0 0 0 0 0 0 0 0 0 14
1 0 0 1 0 0 0 0 0 0 0 0 0 0 0 0 0 0 0 0 14
1 0 0 0 0 0 1 0 0 0 0 0 0 0 0 0 0 0 0 1 13
0 0 0 0 0 0 0 0 0 0 0 1 0 0 0 1 1 0 0 0 11
0 0 0 0 0 0 0 0 1 1 0 0 0 0 0 0 0 0 1 0 11
0 0 0 0 1 1 0 0 0 0 0 1 0 0 0 0 1 0 0 0 8
0 1 1 0 0 0 0 0 0 0 0 0 0 0 1 0 0 1 0 0 4
Tempo Total de Execução: 0.002ms

0 0 0 1 0 0 0 0 0 0 0 0 0 0 0 0 0 1 1 0 3
0 0 0 0 0 1 0 0 0 0 0 1 0 0 0 0 0 0 0 0 5
0 0 0 0 0 0 0 0 0 0 0 0 0 1 0 0 1 0 0 0 7
0 0 0 0 1 0 0 0 0 0 0 1 0 0 0 0 0 0 0 0 8
0 1 0 0 0 0 0 0 0 1 0 0 0 0 1 0 0 0 0 0 11
0 0 0 0 0 0 0 1 0 0 0 0 1 1 0 0 0 0 0 0 13
0 0 0 0 1 0 0 0 0 0 0 1 0 0 0 0 0 0 0 0 10
0 0 0 0 1 0 0 0 0 0 0 0 0 0 0 0 0 0 0 1 11
0 1 0 0 0 0 1 0 0 1 1 0 0 0 0 0 0 0 0 0 13
1 0 1 0 0 0 0 0 0 0 0 0 0 0 0 0 0 0 0 0 14
1 0 0 1 0 0 0 0 0 0 0 0 0 0 0 0 0 0 0 0 14
1 0 0 0 0 0 1 0 0 0 0 0 0 0 0 0 0 0 0 1 13
0 0 0 0 0 0 0 0 0 0 0 1 0 0 0 1 1 0 0 0 11
0 0 0 0 0 0 0 0 1 1 0 0 0 0 0 0 0 0 1 0 11
0 0 0 0 1 1 0 0 0 0 0 1 0 0 0 0 1 0 0 0 8
0 1 1 0 0 0 0 0 0 0 0 0 0 0 1 0 0 1 0 0 4
Tempo Total de Execução: 0.004ms

0 0 0 1 0 0 0 0 0 0 0 0 0 0 0 0 0 1 1 0 3
0 0 0 0 0 1 0 0 0 0 0 1 0 0 0 0 0 0 0 0 5
0 0 0 0 0 0 0 0 0 0 0 0 0 1 0 0 1 0 0 0 7
0 0 0 0 1 0 0 0 0 0 0 1 0 0 0 0 0 0 0 0 8
0 1 0 0 0 0 0 0 0 1 0 0 0 0 1 0 0 0 0 0 11
0 0 0 0 0 0 0 1 0 0 0 0 1 1 0 0 0 0 0 0 13
0 0 0 0 1 0 0 0 0 0 0 1 0 0 0 0 0 0 0 0 10
0 0 0 0 1 0 0 0 0 0 0 0 0 0 0 0 0 0 0 1 11
0 1 0 0 0 0 1 0 0 1 1 0 0 0 0 0 0 0 0 0 13
1 0 1 0 0 0 0 0 0 0 0 0 0 0 0 0 0 0 0 0 14
1 0 0 1 0 0 0 0 0 0 0 0 0 0 0 0 0 0 0 0 14
1 0 0 0 0 0 1 0 0 0 0 0 0 0 0 0 0 0 0 1 13
0 0 0 0 0 0 0 0 0 0 0 1 0 0 0 1 1 0 0 0 11
0 0 0 0 0 0 0 0 1 1 0 0 0 0 0 0 0 0 1 0 11
0 0 0 0 1 1 0 0 0 0 0 1 0 0 0 0 1 0 0 0 8
0 1 1 0 0 0 0 0 0 0 0 0 0 0 1 0 0 1 0 0 4
Tempo Total de Execução: 0.00302ms

0 0 0 1 0 0 0 0 0 0 0 0 0 0 0 0 0 1 1 0 3
0 0 0 0 0 1 0 0 0 0 0 1 0 0 0 0 0 0 0 0 5
0 0 0 0 0 0 0 0 0 0 0 0 0 1 0 0 1 0 0 0 7
0 0 0 0 1 0 0 0 0 0 0 1 0 0 0 0 0 0 0 0 8
0 1 0 0 0 0 0 0 0 1 0 0 0 0 1 0 0 0 0 0 11
0 0 0 0 0 0 0 1 0 0 0 0 1 1 0 0 0 0 0 0 13
0 0 0 0 1 0 0 0 0 0 0 1 0 0 0 0 0 0 0 0 10
0 0 0 0 1 0 0 0 0 0 0 0 0 0 0 0 0 0 0 1 11
0 1 0 0 0 0 1 0 0 1 1 0 0 0 0 0 0 0 0 0 13
1 0 1 0 0 0 0 0 0 0 0 0 0 0 0 0 0 0 0 0 14
1 0 0 1 0 0 0 0 0 0 0 0 0 0 0 0 0 0 0 0 14
1 0 0 0 0 0 1 0 0 0 0 0 0 0 0 0 0 0 0 1 13
0 0 0 0 0 0 0 0 0 0 0 1 0 0 0 1 1 0 0 0 11
0 0 0 0 0 0 0 0 1 1 0 0 0 0 0 0 0 0 1 0 11
0 0 0 0 1 1 0 0 0 0 0 1 0 0 0 0 1 0 0 0 8
0 1 1 0 0 0 0 0 0 0 0 0 0 0 1 0 0 1 0 0 4
Tempo Total de Execução: 0.00102ms

0 0 0 1 0 0 0 0 0 0 0 0 0 0 0 0 0 1 1 0 3
0 0 0 0 0 1 0 0 0 0 0 1 0 0 0 0 0 0 0 0 5
0 0 0 0 0 0 0 0 0 0 0 0 0 1 0 0 1 0 0 0 7
0 0 0 0 1 0 0 0 0 0 0 1 0 0 0 0 0 0 0 0 8
0 1 0 0 0 0 0 0 0 1 0 0 0 0 1 0 0 0 0 0 11
0 0 0 0 0 0 0 1 0 0 0 0 1 1 0 0 0 0 0 0 13
0 0 0 0 1 0 0 0 0 0 0 1 0 0 0 0 0 0 0 0 10
0 0 0 0 1 0 0 0 0 0 0 0 0 0 0 0 0 0 0 1 11
0 1 0 0 0 0 1 0 0 1 1 0 0 0 0 0 0 0 0 0 13
1 0 1 0 0 0 0 0 0 0 0 0 0 0 0 0 0 0 0 0 14
1 0 0 1 0 0 0 0 0 0 0 0 0 0 0 0 0 0 0 0 14
1 0 0 0 0 0 1 0 0 0 0 0 0 0 0 0 0 0 0 1 13
0 0 0 0 0 0 0 0 0 0 0 1 0 0 0 1 1 0 0 0 11
0 0 0 0 0 0 0 0 1 1 0 0 0 0 0 0 0 0 1 0 11
0 0 0 0 1 1 0 0 0 0 0 1 0 0 0 0 1 0 0 0 8
0 1 1 0 0 0 0 0 0 0 0 0 0 0 1 0 0 1 0 0 4
Tempo Total de Execução: 0.00202ms

0 0 0 1 0 0 0 0 0 0 0 0 0 0 0 0 0 1 1 0 3
0 0 0 0 0 1 0 0 0 0 0 1 0 0 0 0 0 0 0 0 5
0 0 0 0 0 0 0 0 0 0 0 0 0 1 0 0 1 0 0 0 7
0 0 0 0 1 0 0 0 0 0 0 1 0 0 0 0 0 0 0 0 8
0 1 0 0 0 0 0 0 0 1 0 0 0 0 1 0 0 0 0 0 11
0 0 0 0 0 0 0 1 0 0 0 0 1 1 0 0 0 0 0 0 13
0 0 0 0 1 0 0 0 0 0 0 1 0 0 0 0 0 0 0 0 10
0 0 0 0 1 0 0 0 0 0 0 0 0 0 0 0 0 0 0 1 11
0 1 0 0 0 0 1 0 0 1 1 0 0 0 0 0 0 0 0 0 13
1 0 1 0 0 0 0 0 0 0 0 0 0 0 0 0 0 0 0 0 14
1 0 0 1 0 0 0 0 0 0 0 0 0 0 0 0 0 0 0 0 14
1 0 0 0 0 0 1 0 0 0 0 0 0 0 0 0 0 0 0 1 13
0 0 0 0 0 0 0 0 0 0 0 1 0 0 0 1 1 0 0 0 11
0 0 0 0 0 0 0 0 1 1 0 0 0 0 0 0 0 0 1 0 11
0 0 0 0 1 1 0 0 0 0 0 1 0 0 0 0 1 0 0 0 8
0 1 1 0 0 0 0 0 0 0 0 0 0 0 1 0 0 1 0 0 4
Tempo Total de Execução: 0.004ms

0 0 0 1 0 0 0 0 0 0 0 0 0 0 0 0 0 1 1 0 3
0 0 0 0 0 1 0 0 0 0 0 1 0 0 0 0 0 0 0 0 5
0 0 0 0 0 0 0 0 0 0 0 0 0 1 0 0 1 0 0 0 7
0 0 0 0 1 0 0 0 0 0 0 1 0 0 0 0 0 0 0 0 8
0 1 0 0 0 0 0 0 0 1 0 0 0 0 1 0 0 0 0 0 11
0 0 0 0 0 0 0 1 0 0 0 0 1 1 0 0 0 0 0 0 13
0 0 0 0 1 0 0 0 0 0 0 1 0 0 0 0 0 0 0 0 10
0 0 0 0 1 0 0 0 0 0 0 0 0 0 0 0 0 0 0 1 11
0 1 0 0 0 0 1 0 0 1 1 0 0 0 0 0 0 0 0 0 13
1 0 1 0 0 0 0 0 0 0 0 0 0 0 0 0 0 0 0 0 14
1 0 0 1 0 0 0 0 0 0 0 0 0 0 0 0 0 0 0 0 14
1 0 0 0 0 0 1 0 0 0 0 0 0 0 0 0 0 0 0 1 13
0 0 0 0 0 0 0 0 0 0 0 1 0 0 0 1 1 0 0 0 11
0 0 0 0 0 0 0 0 1 1 0 0 0 0 0 0 0 0 1 0 11
0 0 0 0 1 1 0 0 0 0 0 1 0 0 0 0 1 0 0 0 8
0 1 1 0 0 0 0 0 0 0 0 0 0 0 1 0 0 1 0 0 4
Tempo Total de Execução: 0.002ms

0 0 0 1 0 0 0 0 0 0 0 0 0 0 0 0 0 1 1 0 3
0 0 0 0 0 1 0 0 0 0 0 1 0 0 0 0 0 0 0 0 5
0 0 0 0 0 0 0 0 0 0 0 0 0 1 0 0 1 0 0 0 7
0 0 0 0 1 0 0 0 0 0 0 1 0 0 0 0 0 0 0 0 8
0 1 0 0 0 0 0 0 0 1 0 0 0 0 1 0 0 0 0 0 11
0 0 0 0 0 0 0 1 0 0 0 0 1 1 0 0 0 0 0 0 13
0 0 0 0 1 0 0 0 0 0 0 1 0 0 0 0 0 0 0 0 10
0 0 0 0 1 0 0 0 0 0 0 0 0 0 0 0 0 0 0 1 11
0 1 0 0 0 0 1 0 0 1 1 0 0 0 0 0 0 0 0 0 13
1 0 1 0 0 0 0 0 0 0 0 0 0 0 0 0 0 0 0 0 14
1 0 0 1 0 0 0 0 0 0 0 0 0 0 0 0 0 0 0 0 14
1 0 0 0 0 0 1 0 0 0 0 0 0 0 0 0 0 0 0 1 13
0 0 0 0 0 0 0 0 0 0 0 1 0 0 0 1 1 0 0 0 11
0 0 0 0 0 0 0 0 1 1 0 0 0 0 0 0 0 0 1 0 11
0 0 0 0 1 1 0 0 0 0 0 1 0 0 0 0 1 0 0 0 8
0 1 1 0 0 0 0 0 0 0 0 0 0 0 1 0 0 1 0 0 4
Tempo Total de Execução: 0.00202ms

0 0 0 1 0 0 0 0 0 0 0 0 0 0 0 0 0 1 1 0 3
0 0 0 0 0 1 0 0 0 0 0 1 0 0 0 0 0 0 0 0 5
0 0 0 0 0 0 0 0 0 0 0 0 0 1 0 0 1 0 0 0 7
0 0 0 0 1 0 0 0 0 0 0 1 0 0 0 0 0 0 0 0 8
0 1 0 0 0 0 0 0 0 1 0 0 0 0 1 0 0 0 0 0 11
0 0 0 0 0 0 0 1 0 0 0 0 1 1 0 0 0 0 0 0 13
0 0 0 0 1 0 0 0 0 0 0 1 0 0 0 0 0 0 0 0 10
0 0 0 0 1 0 0 0 0 0 0 0 0 0 0 0 0 0 0 1 11
0 1 0 0 0 0 1 0 0 1 1 0 0 0 0 0 0 0 0 0 13
1 0 1 0 0 0 0 0 0 0 0 0 0 0 0 0 0 0 0 0 14
1 0 0 1 0 0 0 0 0 0 0 0 0 0 0 0 0 0 0 0 14
1 0 0 0 0 0 1 0 0 0 0 0 0 0 0 0 0 0 0 1 13
0 0 0 0 0 0 0 0 0 0 0 1 0 0 0 1 1 0 0 0 11
0 0 0 0 0 0 0 0 1 1 0 0 0 0 0 0 0 0 1 0 11
0 0 0 0 1 1 0 0 0 0 0 1 0 0 0 0 1 0 0 0 8
0 1 1 0 0 0 0 0 0 0 0 0 0 0 1 0 0 1 0 0 4
Tempo Total de Execução: 0.00202ms

0 0 0 1 0 0 0 0 0 0 0 0 0 0 0 0 0 1 1 0 3
0 0 0 0 0 1 0 0 0 0 0 1 0 0 0 0 0 0 0 0 5
0 0 0 0 0 0 0 0 0 0 0 0 0 1 0 0 1 0 0 0 7
0 0 0 0 1 0 0 0 0 0 0 1 0 0 0 0 0 0 0 0 8
0 1 0 0 0 0 0 0 0 1 0 0 0 0 1 0 0 0 0 0 11
0 0 0 0 0 0 0 1 0 0 0 0 1 1 0 0 0 0 0 0 13
0 0 0 0 1 0 0 0 0 0 0 1 0 0 0 0 0 0 0 0 10
0 0 0 0 1 0 0 0 0 0 0 0 0 0 0 0 0 0 0 1 11
0 1 0 0 0 0 1 0 0 1 1 0 0 0 0 0 0 0 0 0 13
1 0 1 0 0 0 0 0 0 0 0 0 0 0 0 0 0 0 0 0 14
1 0 0 1 0 0 0 0 0 0 0 0 0 0 0 0 0 0 0 0 14
1 0 0 0 0 0 1 0 0 0 0 0 0 0 0 0 0 0 0 1 13
0 0 0 0 0 0 0 0 0 0 0 1 0 0 0 1 1 0 0 0 11
0 0 0 0 0 0 0 0 1 1 0 0 0 0 0 0 0 0 1 0 11
0 0 0 0 1 1 0 0 0 0 0 1 0 0 0 0 1 0 0 0 8
0 1 1 0 0 0 0 0 0 0 0 0 0 0 1 0 0 1 0 0 4
Tempo Total de Execução: 0.002ms

0 0 0 1 0 0 0 0 0 0 0 0 0 0 0 0 0 1 1 0 3
0 0 0 0 0 1 0 0 0 0 0 1 0 0 0 0 0 0 0 0 5
0 0 0 0 0 0 0 0 0 0 0 0 0 1 0 0 1 0 0 0 7
0 0 0 0 1 0 0 0 0 0 0 1 0 0 0 0 0 0 0 0 8
0 1 0 0 0 0 0 0 0 1 0 0 0 0 1 0 0 0 0 0 11
0 0 0 0 0 0 0 1 0 0 0 0 1 1 0 0 0 0 0 0 13
0 0 0 0 1 0 0 0 0 0 0 1 0 0 0 0 0 0 0 0 10
0 0 0 0 1 0 0 0 0 0 0 0 0 0 0 0 0 0 0 1 11
0 1 0 0 0 0 1 0 0 1 1 0 0 0 0 0 0 0 0 0 13
1 0 1 0 0 0 0 0 0 0 0 0 0 0 0 0 0 0 0 0 14
1 0 0 1 0 0 0 0 0 0 0 0 0 0 0 0 0 0 0 0 14
1 0 0 0 0 0 1 0 0 0 0 0 0 0 0 0 0 0 0 1 13
0 0 0 0 0 0 0 0 0 0 0 1 0 0 0 1 1 0 0 0 11
0 0 0 0 0 0 0 0 1 1 0 0 0 0 0 0 0 0 1 0 11
0 0 0 0 1 1 0 0 0 0 0 1 0 0 0 0 1 0 0 0 8
0 1 1 0 0 0 0 0 0 0 0 0 0 0 1 0 0 1 0 0 4
Tempo Total de Execução: 0.00298ms

0 0 0 1 0 0 0 0 0 0 0 0 0 0 0 0 0 1 1 0 3
0 0 0 0 0 1 0 0 0 0 0 1 0 0 0 0 0 0 0 0 5
0 0 0 0 0 0 0 0 0 0 0 0 0 1 0 0 1 0 0 0 7
0 0 0 0 1 0 0 0 0 0 0 1 0 0 0 0 0 0 0 0 8
0 1 0 0 0 0 0 0 0 1 0 0 0 0 1 0 0 0 0 0 11
0 0 0 0 0 0 0 1 0 0 0 0 1 1 0 0 0 0 0 0 13
0 0 0 0 1 0 0 0 0 0 0 1 0 0 0 0 0 0 0 0 10
0 0 0 0 1 0 0 0 0 0 0 0 0 0 0 0 0 0 0 1 11
0 1 0 0 0 0 1 0 0 1 1 0 0 0 0 0 0 0 0 0 13
1 0 1 0 0 0 0 0 0 0 0 0 0 0 0 0 0 0 0 0 14
1 0 0 1 0 0 0 0 0 0 0 0 0 0 0 0 0 0 0 0 14
1 0 0 0 0 0 1 0 0 0 0 0 0 0 0 0 0 0 0 1 13
0 0 0 0 0 0 0 0 0 0 0 1 0 0 0 1 1 0 0 0 11
0 0 0 0 0 0 0 0 1 1 0 0 0 0 0 0 0 0 1 0 11
0 0 0 0 1 1 0 0 0 0 0 1 0 0 0 0 1 0 0 0 8
0 1 1 0 0 0 0 0 0 0 0 0 0 0 1 0 0 1 0 0 4
Tempo Total de Execução: 0.003ms

0 1 0 0 0 0 1 0 0 1 1 0 0 0 0 0 0 0 0 0 4
0 0 0 0 1 0 0 0 0 0 0 1 0 0 0 0 0 0 0 0 5
1 0 0 1 0 0 0 0 0 0 0 0 0 0 0 0 0 0 0 0 7
0 0 0 0 1 0 0 0 0 0 0 1 0 0 0 0 0 0 0 0 7
0 0 0 0 0 0 0 0 0 0 0 1 0 0 0 1 1 0 0 0 9
0 0 0 0 1 1 0 0 0 0 0 1 0 0 0 0 1 0 0 0 9
0 0 0 0 0 0 0 1 0 0 0 0 1 1 0 0 0 0 0 0 12
0 0 0 0 0 0 0 0 1 1 0 0 0 0 0 0 0 0 1 0 12
0 0 0 0 1 0 0 0 0 0 0 0 0 0 0 0 0 0 0 1 12
1 0 0 0 0 0 1 0 0 0 0 0 0 0 0 0 0 0 0 1 11
0 1 0 0 0 0 0 0 0 1 0 0 0 0 1 0 0 0 0 0 10
0 0 0 0 0 1 0 0 0 0 0 1 0 0 0 0 0 0 0 0 9
0 0 0 0 0 0 0 0 0 0 0 0 0 1 0 0 1 0 0 0 7
0 0 0 1 0 0 0 0 0 0 0 0 0 0 0 0 0 1 1 0 6
1 0 1 0 0 0 0 0 0 0 0 0 0 0 0 0 0 0 0 0 5
0 1 1 0 0 0 0 0 0 0 0 0 0 0 1 0 0 1 0 0 4
Tempo Total de Execução: 0.004ms

0 0 0 1 0 0 0 0 0 0 0 0 0 0 0 0 0 1 1 0 3
0 0 0 0 0 1 0 0 0 0 0 1 0 0 0 0 0 0 0 0 5
0 0 0 0 0 0 0 0 0 0 0 0 0 1 0 0 1 0 0 0 7
0 0 0 0 1 0 0 0 0 0 0 1 0 0 0 0 0 0 0 0 8
0 1 0 0 0 0 0 0 0 1 0 0 0 0 1 0 0 0 0 0 11
0 0 0 0 0 0 0 1 0 0 0 0 1 1 0 0 0 0 0 0 13
0 0 0 0 1 0 0 0 0 0 0 1 0 0 0 0 0 0 0 0 10
0 0 0 0 1 0 0 0 0 0 0 0 0 0 0 0 0 0 0 1 11
0 1 0 0 0 0 1 0 0 1 1 0 0 0 0 0 0 0 0 0 13
1 0 1 0 0 0 0 0 0 0 0 0 0 0 0 0 0 0 0 0 14
1 0 0 1 0 0 0 0 0 0 0 0 0 0 0 0 0 0 0 0 14
1 0 0 0 0 0 1 0 0 0 0 0 0 0 0 0 0 0 0 1 13
0 0 0 0 0 0 0 0 0 0 0 1 0 0 0 1 1 0 0 0 11
0 0 0 0 0 0 0 0 1 1 0 0 0 0 0 0 0 0 1 0 11
0 0 0 0 1 1 0 0 0 0 0 1 0 0 0 0 1 0 0 0 8
0 1 1 0 0 0 0 0 0 0 0 0 0 0 1 0 0 1 0 0 4
Tempo Total de Execução: 0.005ms

0 0 0 1 0 0 0 0 0 0 0 0 0 0 0 0 0 1 1 0 3
0 0 0 0 0 1 0 0 0 0 0 1 0 0 0 0 0 0 0 0 5
0 0 0 0 0 0 0 0 0 0 0 0 0 1 0 0 1 0 0 0 7
0 0 0 0 1 0 0 0 0 0 0 1 0 0 0 0 0 0 0 0 8
0 1 0 0 0 0 0 0 0 1 0 0 0 0 1 0 0 0 0 0 11
0 0 0 0 0 0 0 1 0 0 0 0 1 1 0 0 0 0 0 0 13
0 0 0 0 1 0 0 0 0 0 0 1 0 0 0 0 0 0 0 0 10
0 0 0 0 1 0 0 0 0 0 0 0 0 0 0 0 0 0 0 1 11
0 1 0 0 0 0 1 0 0 1 1 0 0 0 0 0 0 0 0 0 13
1 0 1 0 0 0 0 0 0 0 0 0 0 0 0 0 0 0 0 0 14
1 0 0 1 0 0 0 0 0 0 0 0 0 0 0 0 0 0 0 0 14
1 0 0 0 0 0 1 0 0 0 0 0 0 0 0 0 0 0 0 1 13
0 0 0 0 0 0 0 0 0 0 0 1 0 0 0 1 1 0 0 0 11
0 0 0 0 0 0 0 0 1 1 0 0 0 0 0 0 0 0 1 0 11
0 0 0 0 1 1 0 0 0 0 0 1 0 0 0 0 1 0 0 0 8
0 1 1 0 0 0 0 0 0 0 0 0 0 0 1 0 0 1 0 0 4
Tempo Total de Execução: 0.005ms

0 0 0 1 0 0 0 0 0 0 0 0 0 0 0 0 0 1 1 0 3
0 0 0 0 0 1 0 0 0 0 0 1 0 0 0 0 0 0 0 0 5
0 0 0 0 0 0 0 0 0 0 0 0 0 1 0 0 1 0 0 0 7
0 0 0 0 1 0 0 0 0 0 0 1 0 0 0 0 0 0 0 0 8
0 1 0 0 0 0 0 0 0 1 0 0 0 0 1 0 0 0 0 0 11
0 0 0 0 0 0 0 1 0 0 0 0 1 1 0 0 0 0 0 0 13
0 0 0 0 1 0 0 0 0 0 0 1 0 0 0 0 0 0 0 0 10
0 0 0 0 1 0 0 0 0 0 0 0 0 0 0 0 0 0 0 1 11
0 1 0 0 0 0 1 0 0 1 1 0 0 0 0 0 0 0 0 0 13
1 0 1 0 0 0 0 0 0 0 0 0 0 0 0 0 0 0 0 0 14
1 0 0 1 0 0 0 0 0 0 0 0 0 0 0 0 0 0 0 0 14
1 0 0 0 0 0 1 0 0 0 0 0 0 0 0 0 0 0 0 1 13
0 0 0 0 0 0 0 0 0 0 0 1 0 0 0 1 1 0 0 0 11
0 0 0 0 0 0 0 0 1 1 0 0 0 0 0 0 0 0 1 0 11
0 0 0 0 1 1 0 0 0 0 0 1 0 0 0 0 1 0 0 0 8
0 1 1 0 0 0 0 0 0 0 0 0 0 0 1 0 0 1 0 0 4
Tempo Total de Execução: 0.004ms

0 1 0 0 0 0 1 0 0 1 1 0 0 0 0 0 0 0 0 0 4
0 0 0 0 1 0 0 0 0 0 0 1 0 0 0 0 0 0 0 0 5
1 0 0 1 0 0 0 0 0 0 0 0 0 0 0 0 0 0 0 0 7
0 0 0 0 1 0 0 0 0 0 0 1 0 0 0 0 0 0 0 0 7
0 0 0 0 0 0 0 0 0 0 0 1 0 0 0 1 1 0 0 0 9
0 0 0 0 1 1 0 0 0 0 0 1 0 0 0 0 1 0 0 0 9
0 0 0 0 0 0 0 1 0 0 0 0 1 1 0 0 0 0 0 0 12
0 0 0 0 0 0 0 0 1 1 0 0 0 0 0 0 0 0 1 0 12
0 0 0 0 1 0 0 0 0 0 0 0 0 0 0 0 0 0 0 1 12
1 0 0 0 0 0 1 0 0 0 0 0 0 0 0 0 0 0 0 1 11
0 1 0 0 0 0 0 0 0 1 0 0 0 0 1 0 0 0 0 0 10
0 0 0 0 0 1 0 0 0 0 0 1 0 0 0 0 0 0 0 0 9
0 0 0 0 0 0 0 0 0 0 0 0 0 1 0 0 1 0 0 0 7
0 0 0 1 0 0 0 0 0 0 0 0 0 0 0 0 0 1 1 0 6
1 0 1 0 0 0 0 0 0 0 0 0 0 0 0 0 0 0 0 0 5
0 1 1 0 0 0 0 0 0 0 0 0 0 0 1 0 0 1 0 0 4
Tempo Total de Execução: 0.00999ms

0 0 0 1 0 0 0 0 0 0 0 0 0 0 0 0 0 1 1 0 3
0 0 0 0 0 1 0 0 0 0 0 1 0 0 0 0 0 0 0 0 5
0 0 0 0 0 0 0 0 0 0 0 0 0 1 0 0 1 0 0 0 7
0 0 0 0 1 0 0 0 0 0 0 1 0 0 0 0 0 0 0 0 8
0 1 0 0 0 0 0 0 0 1 0 0 0 0 1 0 0 0 0 0 11
0 0 0 0 0 0 0 1 0 0 0 0 1 1 0 0 0 0 0 0 13
0 0 0 0 1 0 0 0 0 0 0 1 0 0 0 0 0 0 0 0 10
0 0 0 0 1 0 0 0 0 0 0 0 0 0 0 0 0 0 0 1 11
0 1 0 0 0 0 1 0 0 1 1 0 0 0 0 0 0 0 0 0 13
1 0 1 0 0 0 0 0 0 0 0 0 0 0 0 0 0 0 0 0 14
1 0 0 1 0 0 0 0 0 0 0 0 0 0 0 0 0 0 0 0 14
1 0 0 0 0 0 1 0 0 0 0 0 0 0 0 0 0 0 0 1 13
0 0 0 0 0 0 0 0 0 0 0 1 0 0 0 1 1 0 0 0 11
0 0 0 0 0 0 0 0 1 1 0 0 0 0 0 0 0 0 1 0 11
0 0 0 0 1 1 0 0 0 0 0 1 0 0 0 0 1 0 0 0 8
0 1 1 0 0 0 0 0 0 0 0 0 0 0 1 0 0 1 0 0 4
Tempo Total de Execução: 0.00298ms

0 0 0 1 0 0 0 0 0 0 0 0 0 0 0 0 0 1 1 0 3
0 0 0 0 0 1 0 0 0 0 0 1 0 0 0 0 0 0 0 0 5
0 0 0 0 0 0 0 0 0 0 0 0 0 1 0 0 1 0 0 0 7
0 0 0 0 1 0 0 0 0 0 0 1 0 0 0 0 0 0 0 0 8
0 1 0 0 0 0 0 0 0 1 0 0 0 0 1 0 0 0 0 0 11
0 0 0 0 0 0 0 1 0 0 0 0 1 1 0 0 0 0 0 0 13
0 0 0 0 1 0 0 0 0 0 0 1 0 0 0 0 0 0 0 0 10
0 0 0 0 1 0 0 0 0 0 0 0 0 0 0 0 0 0 0 1 11
0 1 0 0 0 0 1 0 0 1 1 0 0 0 0 0 0 0 0 0 13
1 0 1 0 0 0 0 0 0 0 0 0 0 0 0 0 0 0 0 0 14
1 0 0 1 0 0 0 0 0 0 0 0 0 0 0 0 0 0 0 0 14
1 0 0 0 0 0 1 0 0 0 0 0 0 0 0 0 0 0 0 1 13
0 0 0 0 0 0 0 0 0 0 0 1 0 0 0 1 1 0 0 0 11
0 0 0 0 0 0 0 0 1 1 0 0 0 0 0 0 0 0 1 0 11
0 0 0 0 1 1 0 0 0 0 0 1 0 0 0 0 1 0 0 0 8
0 1 1 0 0 0 0 0 0 0 0 0 0 0 1 0 0 1 0 0 4
Tempo Total de Execução: 0.003ms

0 0 0 1 0 0 0 0 0 0 0 0 0 0 0 0 0 1 1 0 3
0 0 0 0 0 1 0 0 0 0 0 1 0 0 0 0 0 0 0 0 5
0 0 0 0 0 0 0 0 0 0 0 0 0 1 0 0 1 0 0 0 7
0 0 0 0 1 0 0 0 0 0 0 1 0 0 0 0 0 0 0 0 8
0 1 0 0 0 0 0 0 0 1 0 0 0 0 1 0 0 0 0 0 11
0 0 0 0 0 0 0 1 0 0 0 0 1 1 0 0 0 0 0 0 13
0 0 0 0 1 0 0 0 0 0 0 1 0 0 0 0 0 0 0 0 10
0 0 0 0 1 0 0 0 0 0 0 0 0 0 0 0 0 0 0 1 11
0 1 0 0 0 0 1 0 0 1 1 0 0 0 0 0 0 0 0 0 13
1 0 1 0 0 0 0 0 0 0 0 0 0 0 0 0 0 0 0 0 14
1 0 0 1 0 0 0 0 0 0 0 0 0 0 0 0 0 0 0 0 14
1 0 0 0 0 0 1 0 0 0 0 0 0 0 0 0 0 0 0 1 13
0 0 0 0 0 0 0 0 0 0 0 1 0 0 0 1 1 0 0 0 11
0 0 0 0 0 0 0 0 1 1 0 0 0 0 0 0 0 0 1 0 11
0 0 0 0 1 1 0 0 0 0 0 1 0 0 0 0 1 0 0 0 8
0 1 1 0 0 0 0 0 0 0 0 0 0 0 1 0 0 1 0 0 4
Tempo Total de Execução: 0.003ms

0 0 0 1 0 0 0 0 0 0 0 0 0 0 0 0 0 1 1 0 3
0 0 0 0 0 1 0 0 0 0 0 1 0 0 0 0 0 0 0 0 5
0 0 0 0 0 0 0 0 0 0 0 0 0 1 0 0 1 0 0 0 7
0 0 0 0 1 0 0 0 0 0 0 1 0 0 0 0 0 0 0 0 8
0 1 0 0 0 0 0 0 0 1 0 0 0 0 1 0 0 0 0 0 11
0 0 0 0 0 0 0 1 0 0 0 0 1 1 0 0 0 0 0 0 13
0 0 0 0 1 0 0 0 0 0 0 1 0 0 0 0 0 0 0 0 10
0 0 0 0 1 0 0 0 0 0 0 0 0 0 0 0 0 0 0 1 11
0 1 0 0 0 0 1 0 0 1 1 0 0 0 0 0 0 0 0 0 13
1 0 1 0 0 0 0 0 0 0 0 0 0 0 0 0 0 0 0 0 14
1 0 0 1 0 0 0 0 0 0 0 0 0 0 0 0 0 0 0 0 14
1 0 0 0 0 0 1 0 0 0 0 0 0 0 0 0 0 0 0 1 13
0 0 0 0 0 0 0 0 0 0 0 1 0 0 0 1 1 0 0 0 11
0 0 0 0 0 0 0 0 1 1 0 0 0 0 0 0 0 0 1 0 11
0 0 0 0 1 1 0 0 0 0 0 1 0 0 0 0 1 0 0 0 8
0 1 1 0 0 0 0 0 0 0 0 0 0 0 1 0 0 1 0 0 4
Tempo Total de Execução: 0.00102ms

0 1 0 0 0 0 1 0 0 1 1 0 0 0 0 0 0 0 0 0 4
0 0 0 0 1 0 0 0 0 0 0 1 0 0 0 0 0 0 0 0 5
1 0 0 1 0 0 0 0 0 0 0 0 0 0 0 0 0 0 0 0 7
0 0 0 0 1 0 0 0 0 0 0 1 0 0 0 0 0 0 0 0 7
0 0 0 0 0 0 0 0 0 0 0 1 0 0 0 1 1 0 0 0 9
0 0 0 0 1 1 0 0 0 0 0 1 0 0 0 0 1 0 0 0 9
0 0 0 0 0 0 0 1 0 0 0 0 1 1 0 0 0 0 0 0 12
0 0 0 0 0 0 0 0 1 1 0 0 0 0 0 0 0 0 1 0 12
0 0 0 0 1 0 0 0 0 0 0 0 0 0 0 0 0 0 0 1 12
1 0 0 0 0 0 1 0 0 0 0 0 0 0 0 0 0 0 0 1 11
0 1 0 0 0 0 0 0 0 1 0 0 0 0 1 0 0 0 0 0 10
0 0 0 0 0 1 0 0 0 0 0 1 0 0 0 0 0 0 0 0 9
0 0 0 0 0 0 0 0 0 0 0 0 0 1 0 0 1 0 0 0 7
0 0 0 1 0 0 0 0 0 0 0 0 0 0 0 0 0 1 1 0 6
1 0 1 0 0 0 0 0 0 0 0 0 0 0 0 0 0 0 0 0 5
0 1 1 0 0 0 0 0 0 0 0 0 0 0 1 0 0 1 0 0 4
Tempo Total de Execução: 0.000999ms

0 0 0 1 0 0 0 0 0 0 0 0 0 0 0 0 0 1 1 0 3
0 0 0 0 0 1 0 0 0 0 0 1 0 0 0 0 0 0 0 0 5
0 0 0 0 0 0 0 0 0 0 0 0 0 1 0 0 1 0 0 0 7
0 0 0 0 1 0 0 0 0 0 0 1 0 0 0 0 0 0 0 0 8
0 1 0 0 0 0 0 0 0 1 0 0 0 0 1 0 0 0 0 0 11
0 0 0 0 0 0 0 1 0 0 0 0 1 1 0 0 0 0 0 0 13
0 0 0 0 1 0 0 0 0 0 0 1 0 0 0 0 0 0 0 0 10
0 0 0 0 1 0 0 0 0 0 0 0 0 0 0 0 0 0 0 1 11
0 1 0 0 0 0 1 0 0 1 1 0 0 0 0 0 0 0 0 0 13
1 0 1 0 0 0 0 0 0 0 0 0 0 0 0 0 0 0 0 0 14
1 0 0 1 0 0 0 0 0 0 0 0 0 0 0 0 0 0 0 0 14
1 0 0 0 0 0 1 0 0 0 0 0 0 0 0 0 0 0 0 1 13
0 0 0 0 0 0 0 0 0 0 0 1 0 0 0 1 1 0 0 0 11
0 0 0 0 0 0 0 0 1 1 0 0 0 0 0 0 0 0 1 0 11
0 0 0 0 1 1 0 0 0 0 0 1 0 0 0 0 1 0 0 0 8
0 1 1 0 0 0 0 0 0 0 0 0 0 0 1 0 0 1 0 0 4
Tempo Total de Execução: 0.00202ms

0 0 0 1 0 0 0 0 0 0 0 0 0 0 0 0 0 1 1 0 3
0 0 0 0 0 1 0 0 0 0 0 1 0 0 0 0 0 0 0 0 5
0 0 0 0 0 0 0 0 0 0 0 0 0 1 0 0 1 0 0 0 7
0 0 0 0 1 0 0 0 0 0 0 1 0 0 0 0 0 0 0 0 8
0 1 0 0 0 0 0 0 0 1 0 0 0 0 1 0 0 0 0 0 11
0 0 0 0 0 0 0 1 0 0 0 0 1 1 0 0 0 0 0 0 13
0 0 0 0 1 0 0 0 0 0 0 1 0 0 0 0 0 0 0 0 10
0 0 0 0 1 0 0 0 0 0 0 0 0 0 0 0 0 0 0 1 11
0 1 0 0 0 0 1 0 0 1 1 0 0 0 0 0 0 0 0 0 13
1 0 1 0 0 0 0 0 0 0 0 0 0 0 0 0 0 0 0 0 14
1 0 0 1 0 0 0 0 0 0 0 0 0 0 0 0 0 0 0 0 14
1 0 0 0 0 0 1 0 0 0 0 0 0 0 0 0 0 0 0 1 13
0 0 0 0 0 0 0 0 0 0 0 1 0 0 0 1 1 0 0 0 11
0 0 0 0 0 0 0 0 1 1 0 0 0 0 0 0 0 0 1 0 11
0 0 0 0 1 1 0 0 0 0 0 1 0 0 0 0 1 0 0 0 8
0 1 1 0 0 0 0 0 0 0 0 0 0 0 1 0 0 1 0 0 4
Tempo Total de Execução: 0.000977ms

0 1 0 0 0 0 1 0 0 1 1 0 0 0 0 0 0 0 0 0 4
0 0 0 0 1 0 0 0 0 0 0 1 0 0 0 0 0 0 0 0 5
1 0 0 1 0 0 0 0 0 0 0 0 0 0 0 0 0 0 0 0 7
0 0 0 0 1 0 0 0 0 0 0 1 0 0 0 0 0 0 0 0 7
0 0 0 0 0 0 0 0 0 0 0 1 0 0 0 1 1 0 0 0 9
0 0 0 0 1 1 0 0 0 0 0 1 0 0 0 0 1 0 0 0 9
0 0 0 0 0 0 0 1 0 0 0 0 1 1 0 0 0 0 0 0 12
0 0 0 0 0 0 0 0 1 1 0 0 0 0 0 0 0 0 1 0 12
0 0 0 0 1 0 0 0 0 0 0 0 0 0 0 0 0 0 0 1 12
1 0 0 0 0 0 1 0 0 0 0 0 0 0 0 0 0 0 0 1 11
0 1 0 0 0 0 0 0 0 1 0 0 0 0 1 0 0 0 0 0 10
0 0 0 0 0 1 0 0 0 0 0 1 0 0 0 0 0 0 0 0 9
0 0 0 0 0 0 0 0 0 0 0 0 0 1 0 0 1 0 0 0 7
0 0 0 1 0 0 0 0 0 0 0 0 0 0 0 0 0 1 1 0 6
1 0 1 0 0 0 0 0 0 0 0 0 0 0 0 0 0 0 0 0 5
0 1 1 0 0 0 0 0 0 0 0 0 0 0 1 0 0 1 0 0 4
Tempo Total de Execução: 0.00198ms

0 0 0 1 0 0 0 0 0 0 0 0 0 0 0 0 0 1 1 0 3
0 0 0 0 0 1 0 0 0 0 0 1 0 0 0 0 0 0 0 0 5
0 0 0 0 0 0 0 0 0 0 0 0 0 1 0 0 1 0 0 0 7
0 0 0 0 1 0 0 0 0 0 0 1 0 0 0 0 0 0 0 0 8
0 1 0 0 0 0 0 0 0 1 0 0 0 0 1 0 0 0 0 0 11
0 0 0 0 0 0 0 1 0 0 0 0 1 1 0 0 0 0 0 0 13
0 0 0 0 1 0 0 0 0 0 0 1 0 0 0 0 0 0 0 0 10
0 0 0 0 1 0 0 0 0 0 0 0 0 0 0 0 0 0 0 1 11
0 1 0 0 0 0 1 0 0 1 1 0 0 0 0 0 0 0 0 0 13
1 0 1 0 0 0 0 0 0 0 0 0 0 0 0 0 0 0 0 0 14
1 0 0 1 0 0 0 0 0 0 0 0 0 0 0 0 0 0 0 0 14
1 0 0 0 0 0 1 0 0 0 0 0 0 0 0 0 0 0 0 1 13
0 0 0 0 0 0 0 0 0 0 0 1 0 0 0 1 1 0 0 0 11
0 0 0 0 0 0 0 0 1 1 0 0 0 0 0 0 0 0 1 0 11
0 0 0 0 1 1 0 0 0 0 0 1 0 0 0 0 1 0 0 0 8
0 1 1 0 0 0 0 0 0 0 0 0 0 0 1 0 0 1 0 0 4
Tempo Total de Execução: 0.00202ms

0 0 0 1 0 0 0 0 0 0 0 0 0 0 0 0 0 1 1 0 3
0 0 0 0 0 1 0 0 0 0 0 1 0 0 0 0 0 0 0 0 5
0 0 0 0 0 0 0 0 0 0 0 0 0 1 0 0 1 0 0 0 7
0 0 0 0 1 0 0 0 0 0 0 1 0 0 0 0 0 0 0 0 8
0 1 0 0 0 0 0 0 0 1 0 0 0 0 1 0 0 0 0 0 11
0 0 0 0 0 0 0 1 0 0 0 0 1 1 0 0 0 0 0 0 13
0 0 0 0 1 0 0 0 0 0 0 1 0 0 0 0 0 0 0 0 10
0 0 0 0 1 0 0 0 0 0 0 0 0 0 0 0 0 0 0 1 11
0 1 0 0 0 0 1 0 0 1 1 0 0 0 0 0 0 0 0 0 13
1 0 1 0 0 0 0 0 0 0 0 0 0 0 0 0 0 0 0 0 14
1 0 0 1 0 0 0 0 0 0 0 0 0 0 0 0 0 0 0 0 14
1 0 0 0 0 0 1 0 0 0 0 0 0 0 0 0 0 0 0 1 13
0 0 0 0 0 0 0 0 0 0 0 1 0 0 0 1 1 0 0 0 11
0 0 0 0 0 0 0 0 1 1 0 0 0 0 0 0 0 0 1 0 11
0 0 0 0 1 1 0 0 0 0 0 1 0 0 0 0 1 0 0 0 8
0 1 1 0 0 0 0 0 0 0 0 0 0 0 1 0 0 1 0 0 4
Tempo Total de Execução: 0.003ms

0 0 0 1 0 0 0 0 0 0 0 0 0 0 0 0 0 1 1 0 3
0 0 0 0 0 1 0 0 0 0 0 1 0 0 0 0 0 0 0 0 5
0 0 0 0 0 0 0 0 0 0 0 0 0 1 0 0 1 0 0 0 7
0 0 0 0 1 0 0 0 0 0 0 1 0 0 0 0 0 0 0 0 8
0 1 0 0 0 0 0 0 0 1 0 0 0 0 1 0 0 0 0 0 11
0 0 0 0 0 0 0 1 0 0 0 0 1 1 0 0 0 0 0 0 13
0 0 0 0 1 0 0 0 0 0 0 1 0 0 0 0 0 0 0 0 10
0 0 0 0 1 0 0 0 0 0 0 0 0 0 0 0 0 0 0 1 11
0 1 0 0 0 0 1 0 0 1 1 0 0 0 0 0 0 0 0 0 13
1 0 1 0 0 0 0 0 0 0 0 0 0 0 0 0 0 0 0 0 14
1 0 0 1 0 0 0 0 0 0 0 0 0 0 0 0 0 0 0 0 14
1 0 0 0 0 0 1 0 0 0 0 0 0 0 0 0 0 0 0 1 13
0 0 0 0 0 0 0 0 0 0 0 1 0 0 0 1 1 0 0 0 11
0 0 0 0 0 0 0 0 1 1 0 0 0 0 0 0 0 0 1 0 11
0 0 0 0 1 1 0 0 0 0 0 1 0 0 0 0 1 0 0 0 8
0 1 1 0 0 0 0 0 0 0 0 0 0 0 1 0 0 1 0 0 4
Tempo Total de Execução: 0.00202ms

0 0 0 1 0 0 0 0 0 0 0 0 0 0 0 0 0 1 1 0 3
0 0 0 0 0 1 0 0 0 0 0 1 0 0 0 0 0 0 0 0 5
0 0 0 0 0 0 0 0 0 0 0 0 0 1 0 0 1 0 0 0 7
0 0 0 0 1 0 0 0 0 0 0 1 0 0 0 0 0 0 0 0 8
0 1 0 0 0 0 0 0 0 1 0 0 0 0 1 0 0 0 0 0 11
0 0 0 0 0 0 0 1 0 0 0 0 1 1 0 0 0 0 0 0 13
0 0 0 0 1 0 0 0 0 0 0 1 0 0 0 0 0 0 0 0 10
0 0 0 0 1 0 0 0 0 0 0 0 0 0 0 0 0 0 0 1 11
0 1 0 0 0 0 1 0 0 1 1 0 0 0 0 0 0 0 0 0 13
1 0 1 0 0 0 0 0 0 0 0 0 0 0 0 0 0 0 0 0 14
1 0 0 1 0 0 0 0 0 0 0 0 0 0 0 0 0 0 0 0 14
1 0 0 0 0 0 1 0 0 0 0 0 0 0 0 0 0 0 0 1 13
0 0 0 0 0 0 0 0 0 0 0 1 0 0 0 1 1 0 0 0 11
0 0 0 0 0 0 0 0 1 1 0 0 0 0 0 0 0 0 1 0 11
0 0 0 0 1 1 0 0 0 0 0 1 0 0 0 0 1 0 0 0 8
0 1 1 0 0 0 0 0 0 0 0 0 0 0 1 0 0 1 0 0 4
Tempo Total de Execução: 0.002ms

0 0 0 1 0 0 0 0 0 0 0 0 0 0 0 0 0 1 1 0 3
0 0 0 0 0 1 0 0 0 0 0 1 0 0 0 0 0 0 0 0 5
0 0 0 0 0 0 0 0 0 0 0 0 0 1 0 0 1 0 0 0 7
0 0 0 0 1 0 0 0 0 0 0 1 0 0 0 0 0 0 0 0 8
0 1 0 0 0 0 0 0 0 1 0 0 0 0 1 0 0 0 0 0 11
0 0 0 0 0 0 0 1 0 0 0 0 1 1 0 0 0 0 0 0 13
0 0 0 0 1 0 0 0 0 0 0 1 0 0 0 0 0 0 0 0 10
0 0 0 0 1 0 0 0 0 0 0 0 0 0 0 0 0 0 0 1 11
0 1 0 0 0 0 1 0 0 1 1 0 0 0 0 0 0 0 0 0 13
1 0 1 0 0 0 0 0 0 0 0 0 0 0 0 0 0 0 0 0 14
1 0 0 1 0 0 0 0 0 0 0 0 0 0 0 0 0 0 0 0 14
1 0 0 0 0 0 1 0 0 0 0 0 0 0 0 0 0 0 0 1 13
0 0 0 0 0 0 0 0 0 0 0 1 0 0 0 1 1 0 0 0 11
0 0 0 0 0 0 0 0 1 1 0 0 0 0 0 0 0 0 1 0 11
0 0 0 0 1 1 0 0 0 0 0 1 0 0 0 0 1 0 0 0 8
0 1 1 0 0 0 0 0 0 0 0 0 0 0 1 0 0 1 0 0 4
Tempo Total de Execução: 0.002ms

0 0 0 1 0 0 0 0 0 0 0 0 0 0 0 0 0 1 1 0 3
0 0 0 0 0 1 0 0 0 0 0 1 0 0 0 0 0 0 0 0 5
0 0 0 0 0 0 0 0 0 0 0 0 0 1 0 0 1 0 0 0 7
0 0 0 0 1 0 0 0 0 0 0 1 0 0 0 0 0 0 0 0 8
0 1 0 0 0 0 0 0 0 1 0 0 0 0 1 0 0 0 0 0 11
0 0 0 0 0 0 0 1 0 0 0 0 1 1 0 0 0 0 0 0 13
0 0 0 0 1 0 0 0 0 0 0 1 0 0 0 0 0 0 0 0 10
0 0 0 0 1 0 0 0 0 0 0 0 0 0 0 0 0 0 0 1 11
0 1 0 0 0 0 1 0 0 1 1 0 0 0 0 0 0 0 0 0 13
1 0 1 0 0 0 0 0 0 0 0 0 0 0 0 0 0 0 0 0 14
1 0 0 1 0 0 0 0 0 0 0 0 0 0 0 0 0 0 0 0 14
1 0 0 0 0 0 1 0 0 0 0 0 0 0 0 0 0 0 0 1 13
0 0 0 0 0 0 0 0 0 0 0 1 0 0 0 1 1 0 0 0 11
0 0 0 0 0 0 0 0 1 1 0 0 0 0 0 0 0 0 1 0 11
0 0 0 0 1 1 0 0 0 0 0 1 0 0 0 0 1 0 0 0 8
0 1 1 0 0 0 0 0 0 0 0 0 0 0 1 0 0 1 0 0 4
Tempo Total de Execução: 0.002ms

0 0 0 1 0 0 0 0 0 0 0 0 0 0 0 0 0 1 1 0 3
0 0 0 0 0 1 0 0 0 0 0 1 0 0 0 0 0 0 0 0 5
0 0 0 0 0 0 0 0 0 0 0 0 0 1 0 0 1 0 0 0 7
0 0 0 0 1 0 0 0 0 0 0 1 0 0 0 0 0 0 0 0 8
0 1 0 0 0 0 0 0 0 1 0 0 0 0 1 0 0 0 0 0 11
0 0 0 0 0 0 0 1 0 0 0 0 1 1 0 0 0 0 0 0 13
0 0 0 0 1 0 0 0 0 0 0 1 0 0 0 0 0 0 0 0 10
0 0 0 0 1 0 0 0 0 0 0 0 0 0 0 0 0 0 0 1 11
0 1 0 0 0 0 1 0 0 1 1 0 0 0 0 0 0 0 0 0 13
1 0 1 0 0 0 0 0 0 0 0 0 0 0 0 0 0 0 0 0 14
1 0 0 1 0 0 0 0 0 0 0 0 0 0 0 0 0 0 0 0 14
1 0 0 0 0 0 1 0 0 0 0 0 0 0 0 0 0 0 0 1 13
0 0 0 0 0 0 0 0 0 0 0 1 0 0 0 1 1 0 0 0 11
0 0 0 0 0 0 0 0 1 1 0 0 0 0 0 0 0 0 1 0 11
0 0 0 0 1 1 0 0 0 0 0 1 0 0 0 0 1 0 0 0 8
0 1 1 0 0 0 0 0 0 0 0 0 0 0 1 0 0 1 0 0 4
Tempo Total de Execução: 0.00202ms

0 0 0 1 0 0 0 0 0 0 0 0 0 0 0 0 0 1 1 0 3
0 0 0 0 0 1 0 0 0 0 0 1 0 0 0 0 0 0 0 0 5
0 0 0 0 0 0 0 0 0 0 0 0 0 1 0 0 1 0 0 0 7
0 0 0 0 1 0 0 0 0 0 0 1 0 0 0 0 0 0 0 0 8
0 1 0 0 0 0 0 0 0 1 0 0 0 0 1 0 0 0 0 0 11
0 0 0 0 0 0 0 1 0 0 0 0 1 1 0 0 0 0 0 0 13
0 0 0 0 1 0 0 0 0 0 0 1 0 0 0 0 0 0 0 0 10
0 0 0 0 1 0 0 0 0 0 0 0 0 0 0 0 0 0 0 1 11
0 1 0 0 0 0 1 0 0 1 1 0 0 0 0 0 0 0 0 0 13
1 0 1 0 0 0 0 0 0 0 0 0 0 0 0 0 0 0 0 0 14
1 0 0 1 0 0 0 0 0 0 0 0 0 0 0 0 0 0 0 0 14
1 0 0 0 0 0 1 0 0 0 0 0 0 0 0 0 0 0 0 1 13
0 0 0 0 0 0 0 0 0 0 0 1 0 0 0 1 1 0 0 0 11
0 0 0 0 0 0 0 0 1 1 0 0 0 0 0 0 0 0 1 0 11
0 0 0 0 1 1 0 0 0 0 0 1 0 0 0 0 1 0 0 0 8
0 1 1 0 0 0 0 0 0 0 0 0 0 0 1 0 0 1 0 0 4
Tempo Total de Execução: 0.003ms

0 0 0 1 0 0 0 0 0 0 0 0 0 0 0 0 0 1 1 0 3
0 0 0 0 0 1 0 0 0 0 0 1 0 0 0 0 0 0 0 0 5
0 0 0 0 0 0 0 0 0 0 0 0 0 1 0 0 1 0 0 0 7
0 0 0 0 1 0 0 0 0 0 0 1 0 0 0 0 0 0 0 0 8
0 1 0 0 0 0 0 0 0 1 0 0 0 0 1 0 0 0 0 0 11
0 0 0 0 0 0 0 1 0 0 0 0 1 1 0 0 0 0 0 0 13
0 0 0 0 1 0 0 0 0 0 0 1 0 0 0 0 0 0 0 0 10
0 0 0 0 1 0 0 0 0 0 0 0 0 0 0 0 0 0 0 1 11
0 1 0 0 0 0 1 0 0 1 1 0 0 0 0 0 0 0 0 0 13
1 0 1 0 0 0 0 0 0 0 0 0 0 0 0 0 0 0 0 0 14
1 0 0 1 0 0 0 0 0 0 0 0 0 0 0 0 0 0 0 0 14
1 0 0 0 0 0 1 0 0 0 0 0 0 0 0 0 0 0 0 1 13
0 0 0 0 0 0 0 0 0 0 0 1 0 0 0 1 1 0 0 0 11
0 0 0 0 0 0 0 0 1 1 0 0 0 0 0 0 0 0 1 0 11
0 0 0 0 1 1 0 0 0 0 0 1 0 0 0 0 1 0 0 0 8
0 1 1 0 0 0 0 0 0 0 0 0 0 0 1 0 0 1 0 0 4
Tempo Total de Execução: 0.002ms

0 1 0 0 0 0 1 0 0 1 1 0 0 0 0 0 0 0 0 0 4
0 0 0 0 1 0 0 0 0 0 0 1 0 0 0 0 0 0 0 0 5
1 0 0 1 0 0 0 0 0 0 0 0 0 0 0 0 0 0 0 0 7
0 0 0 0 1 0 0 0 0 0 0 1 0 0 0 0 0 0 0 0 7
0 0 0 0 0 0 0 0 0 0 0 1 0 0 0 1 1 0 0 0 9
0 0 0 0 1 1 0 0 0 0 0 1 0 0 0 0 1 0 0 0 9
0 0 0 0 0 0 0 1 0 0 0 0 1 1 0 0 0 0 0 0 12
0 0 0 0 0 0 0 0 1 1 0 0 0 0 0 0 0 0 1 0 12
0 0 0 0 1 0 0 0 0 0 0 0 0 0 0 0 0 0 0 1 12
1 0 0 0 0 0 1 0 0 0 0 0 0 0 0 0 0 0 0 1 11
0 1 0 0 0 0 0 0 0 1 0 0 0 0 1 0 0 0 0 0 10
0 0 0 0 0 1 0 0 0 0 0 1 0 0 0 0 0 0 0 0 9
0 0 0 0 0 0 0 0 0 0 0 0 0 1 0 0 1 0 0 0 7
0 0 0 1 0 0 0 0 0 0 0 0 0 0 0 0 0 1 1 0 6
1 0 1 0 0 0 0 0 0 0 0 0 0 0 0 0 0 0 0 0 5
0 1 1 0 0 0 0 0 0 0 0 0 0 0 1 0 0 1 0 0 4
Tempo Total de Execução: 0.002ms

0 0 0 1 0 0 0 0 0 0 0 0 0 0 0 0 0 1 1 0 3
0 0 0 0 0 1 0 0 0 0 0 1 0 0 0 0 0 0 0 0 5
0 0 0 0 0 0 0 0 0 0 0 0 0 1 0 0 1 0 0 0 7
0 0 0 0 1 0 0 0 0 0 0 1 0 0 0 0 0 0 0 0 8
0 1 0 0 0 0 0 0 0 1 0 0 0 0 1 0 0 0 0 0 11
0 0 0 0 0 0 0 1 0 0 0 0 1 1 0 0 0 0 0 0 13
0 0 0 0 1 0 0 0 0 0 0 1 0 0 0 0 0 0 0 0 10
0 0 0 0 1 0 0 0 0 0 0 0 0 0 0 0 0 0 0 1 11
0 1 0 0 0 0 1 0 0 1 1 0 0 0 0 0 0 0 0 0 13
1 0 1 0 0 0 0 0 0 0 0 0 0 0 0 0 0 0 0 0 14
1 0 0 1 0 0 0 0 0 0 0 0 0 0 0 0 0 0 0 0 14
1 0 0 0 0 0 1 0 0 0 0 0 0 0 0 0 0 0 0 1 13
0 0 0 0 0 0 0 0 0 0 0 1 0 0 0 1 1 0 0 0 11
0 0 0 0 0 0 0 0 1 1 0 0 0 0 0 0 0 0 1 0 11
0 0 0 0 1 1 0 0 0 0 0 1 0 0 0 0 1 0 0 0 8
0 1 1 0 0 0 0 0 0 0 0 0 0 0 1 0 0 1 0 0 4
Tempo Total de Execução: 0.00201ms

0 0 0 1 0 0 0 0 0 0 0 0 0 0 0 0 0 1 1 0 3
0 0 0 0 0 1 0 0 0 0 0 1 0 0 0 0 0 0 0 0 5
0 0 0 0 0 0 0 0 0 0 0 0 0 1 0 0 1 0 0 0 7
0 0 0 0 1 0 0 0 0 0 0 1 0 0 0 0 0 0 0 0 8
0 1 0 0 0 0 0 0 0 1 0 0 0 0 1 0 0 0 0 0 11
0 0 0 0 0 0 0 1 0 0 0 0 1 1 0 0 0 0 0 0 13
0 0 0 0 1 0 0 0 0 0 0 1 0 0 0 0 0 0 0 0 10
0 0 0 0 1 0 0 0 0 0 0 0 0 0 0 0 0 0 0 1 11
0 1 0 0 0 0 1 0 0 1 1 0 0 0 0 0 0 0 0 0 13
1 0 1 0 0 0 0 0 0 0 0 0 0 0 0 0 0 0 0 0 14
1 0 0 1 0 0 0 0 0 0 0 0 0 0 0 0 0 0 0 0 14
1 0 0 0 0 0 1 0 0 0 0 0 0 0 0 0 0 0 0 1 13
0 0 0 0 0 0 0 0 0 0 0 1 0 0 0 1 1 0 0 0 11
0 0 0 0 0 0 0 0 1 1 0 0 0 0 0 0 0 0 1 0 11
0 0 0 0 1 1 0 0 0 0 0 1 0 0 0 0 1 0 0 0 8
0 1 1 0 0 0 0 0 0 0 0 0 0 0 1 0 0 1 0 0 4
Tempo Total de Execução: 0.004ms

0 0 0 1 0 0 0 0 0 0 0 0 0 0 0 0 0 1 1 0 3
0 0 0 0 0 1 0 0 0 0 0 1 0 0 0 0 0 0 0 0 5
0 0 0 0 0 0 0 0 0 0 0 0 0 1 0 0 1 0 0 0 7
0 0 0 0 1 0 0 0 0 0 0 1 0 0 0 0 0 0 0 0 8
0 1 0 0 0 0 0 0 0 1 0 0 0 0 1 0 0 0 0 0 11
0 0 0 0 0 0 0 1 0 0 0 0 1 1 0 0 0 0 0 0 13
0 0 0 0 1 0 0 0 0 0 0 1 0 0 0 0 0 0 0 0 10
0 0 0 0 1 0 0 0 0 0 0 0 0 0 0 0 0 0 0 1 11
0 1 0 0 0 0 1 0 0 1 1 0 0 0 0 0 0 0 0 0 13
1 0 1 0 0 0 0 0 0 0 0 0 0 0 0 0 0 0 0 0 14
1 0 0 1 0 0 0 0 0 0 0 0 0 0 0 0 0 0 0 0 14
1 0 0 0 0 0 1 0 0 0 0 0 0 0 0 0 0 0 0 1 13
0 0 0 0 0 0 0 0 0 0 0 1 0 0 0 1 1 0 0 0 11
0 0 0 0 0 0 0 0 1 1 0 0 0 0 0 0 0 0 1 0 11
0 0 0 0 1 1 0 0 0 0 0 1 0 0 0 0 1 0 0 0 8
0 1 1 0 0 0 0 0 0 0 0 0 0 0 1 0 0 1 0 0 4
Tempo Total de Execução: 0.00202ms

0 0 0 0 1 0 0 0 0 0 0 0 0 0 0 0 0 0 0 1 2
0 0 0 1 0 0 0 0 0 0 0 0 0 0 0 0 0 1 1 0 5
0 1 0 0 0 0 0 0 0 1 0 0 0 0 1 0 0 0 0 0 8
0 0 0 0 1 0 0 0 0 0 0 1 0 0 0 0 0 0 0 0 9
1 0 0 0 0 0 1 0 0 0 0 0 0 0 0 0 0 0 0 1 11
0 0 0 0 0 0 0 1 0 0 0 0 1 1 0 0 0 0 0 0 13
0 1 1 0 0 0 0 0 0 0 0 0 0 0 1 0 0 1 0 0 12
0 0 0 0 0 0 0 0 0 0 0 0 0 1 0 0 1 0 0 0 11
0 1 0 0 0 0 1 0 0 1 1 0 0 0 0 0 0 0 0 0 11
0 0 0 0 0 0 0 0 1 1 0 0 0 0 0 0 0 0 1 0 9
1 0 1 0 0 0 0 0 0 0 0 0 0 0 0 0 0 0 0 0 6
0 0 0 0 0 0 0 0 0 0 0 1 0 0 0 1 1 0 0 0 6
0 0 0 0 0 1 0 0 0 0 0 1 0 0 0 0 0 0 0 0 6
0 0 0 0 1 0 0 0 0 0 0 1 0 0 0 0 0 0 0 0 6
1 0 0 1 0 0 0 0 0 0 0 0 0 0 0 0 0 0 0 0 6
0 0 0 0 1 1 0 0 0 0 0 1 0 0 0 0 1 0 0 0 4
Tempo Total de Execução: 0.00402ms

0 1 0 0 0 0 1 0 0 1 1 0 0 0 0 0 0 0 0 0 4
0 0 0 0 1 0 0 0 0 0 0 1 0 0 0 0 0 0 0 0 5
1 0 0 1 0 0 0 0 0 0 0 0 0 0 0 0 0 0 0 0 7
0 0 0 0 1 0 0 0 0 0 0 1 0 0 0 0 0 0 0 0 7
0 0 0 0 0 0 0 0 0 0 0 1 0 0 0 1 1 0 0 0 9
0 0 0 0 1 1 0 0 0 0 0 1 0 0 0 0 1 0 0 0 9
0 0 0 0 0 0 0 1 0 0 0 0 1 1 0 0 0 0 0 0 12
0 0 0 0 0 0 0 0 1 1 0 0 0 0 0 0 0 0 1 0 12
0 0 0 0 1 0 0 0 0 0 0 0 0 0 0 0 0 0 0 1 12
1 0 0 0 0 0 1 0 0 0 0 0 0 0 0 0 0 0 0 1 11
0 1 0 0 0 0 0 0 0 1 0 0 0 0 1 0 0 0 0 0 10
0 0 0 0 0 1 0 0 0 0 0 1 0 0 0 0 0 0 0 0 9
0 0 0 0 0 0 0 0 0 0 0 0 0 1 0 0 1 0 0 0 7
0 0 0 1 0 0 0 0 0 0 0 0 0 0 0 0 0 1 1 0 6
1 0 1 0 0 0 0 0 0 0 0 0 0 0 0 0 0 0 0 0 5
0 1 1 0 0 0 0 0 0 0 0 0 0 0 1 0 0 1 0 0 4
Tempo Total de Execução: 0.002ms

0 1 0 0 0 0 1 0 0 1 1 0 0 0 0 0 0 0 0 0 4
0 0 0 0 1 0 0 0 0 0 0 1 0 0 0 0 0 0 0 0 5
1 0 0 1 0 0 0 0 0 0 0 0 0 0 0 0 0 0 0 0 7
0 0 0 0 1 0 0 0 0 0 0 1 0 0 0 0 0 0 0 0 7
0 0 0 0 0 0 0 0 0 0 0 1 0 0 0 1 1 0 0 0 9
0 0 0 0 1 1 0 0 0 0 0 1 0 0 0 0 1 0 0 0 9
0 0 0 0 0 0 0 1 0 0 0 0 1 1 0 0 0 0 0 0 12
0 0 0 0 0 0 0 0 1 1 0 0 0 0 0 0 0 0 1 0 12
0 0 0 0 1 0 0 0 0 0 0 0 0 0 0 0 0 0 0 1 12
1 0 0 0 0 0 1 0 0 0 0 0 0 0 0 0 0 0 0 1 11
0 1 0 0 0 0 0 0 0 1 0 0 0 0 1 0 0 0 0 0 10
0 0 0 0 0 1 0 0 0 0 0 1 0 0 0 0 0 0 0 0 9
0 0 0 0 0 0 0 0 0 0 0 0 0 1 0 0 1 0 0 0 7
0 0 0 1 0 0 0 0 0 0 0 0 0 0 0 0 0 1 1 0 6
1 0 1 0 0 0 0 0 0 0 0 0 0 0 0 0 0 0 0 0 5
0 1 1 0 0 0 0 0 0 0 0 0 0 0 1 0 0 1 0 0 4
Tempo Total de Execução: 0.0ms

0 0 0 1 0 0 0 0 0 0 0 0 0 0 0 0 0 1 1 0 3
0 0 0 0 0 1 0 0 0 0 0 1 0 0 0 0 0 0 0 0 5
0 0 0 0 0 0 0 0 0 0 0 0 0 1 0 0 1 0 0 0 7
0 0 0 0 1 0 0 0 0 0 0 1 0 0 0 0 0 0 0 0 8
0 1 0 0 0 0 0 0 0 1 0 0 0 0 1 0 0 0 0 0 11
0 0 0 0 0 0 0 1 0 0 0 0 1 1 0 0 0 0 0 0 13
0 0 0 0 1 0 0 0 0 0 0 1 0 0 0 0 0 0 0 0 10
0 0 0 0 1 0 0 0 0 0 0 0 0 0 0 0 0 0 0 1 11
0 1 0 0 0 0 1 0 0 1 1 0 0 0 0 0 0 0 0 0 13
1 0 1 0 0 0 0 0 0 0 0 0 0 0 0 0 0 0 0 0 14
1 0 0 1 0 0 0 0 0 0 0 0 0 0 0 0 0 0 0 0 14
1 0 0 0 0 0 1 0 0 0 0 0 0 0 0 0 0 0 0 1 13
0 0 0 0 0 0 0 0 0 0 0 1 0 0 0 1 1 0 0 0 11
0 0 0 0 0 0 0 0 1 1 0 0 0 0 0 0 0 0 1 0 11
0 0 0 0 1 1 0 0 0 0 0 1 0 0 0 0 1 0 0 0 8
0 1 1 0 0 0 0 0 0 0 0 0 0 0 1 0 0 1 0 0 4
Tempo Total de Execução: 0.0ms

0 0 0 1 0 0 0 0 0 0 0 0 0 0 0 0 0 1 1 0 3
0 0 0 0 0 1 0 0 0 0 0 1 0 0 0 0 0 0 0 0 5
0 0 0 0 0 0 0 0 0 0 0 0 0 1 0 0 1 0 0 0 7
0 0 0 0 1 0 0 0 0 0 0 1 0 0 0 0 0 0 0 0 8
0 1 0 0 0 0 0 0 0 1 0 0 0 0 1 0 0 0 0 0 11
0 0 0 0 0 0 0 1 0 0 0 0 1 1 0 0 0 0 0 0 13
0 0 0 0 1 0 0 0 0 0 0 1 0 0 0 0 0 0 0 0 10
0 0 0 0 1 0 0 0 0 0 0 0 0 0 0 0 0 0 0 1 11
0 1 0 0 0 0 1 0 0 1 1 0 0 0 0 0 0 0 0 0 13
1 0 1 0 0 0 0 0 0 0 0 0 0 0 0 0 0 0 0 0 14
1 0 0 1 0 0 0 0 0 0 0 0 0 0 0 0 0 0 0 0 14
1 0 0 0 0 0 1 0 0 0 0 0 0 0 0 0 0 0 0 1 13
0 0 0 0 0 0 0 0 0 0 0 1 0 0 0 1 1 0 0 0 11
0 0 0 0 0 0 0 0 1 1 0 0 0 0 0 0 0 0 1 0 11
0 0 0 0 1 1 0 0 0 0 0 1 0 0 0 0 1 0 0 0 8
0 1 1 0 0 0 0 0 0 0 0 0 0 0 1 0 0 1 0 0 4
Tempo Total de Execução: 0.001ms

0 0 0 1 0 0 0 0 0 0 0 0 0 0 0 0 0 1 1 0 3
0 0 0 0 0 1 0 0 0 0 0 1 0 0 0 0 0 0 0 0 5
0 0 0 0 0 0 0 0 0 0 0 0 0 1 0 0 1 0 0 0 7
0 0 0 0 1 0 0 0 0 0 0 1 0 0 0 0 0 0 0 0 8
0 1 0 0 0 0 0 0 0 1 0 0 0 0 1 0 0 0 0 0 11
0 0 0 0 0 0 0 1 0 0 0 0 1 1 0 0 0 0 0 0 13
0 0 0 0 1 0 0 0 0 0 0 1 0 0 0 0 0 0 0 0 10
0 0 0 0 1 0 0 0 0 0 0 0 0 0 0 0 0 0 0 1 11
0 1 0 0 0 0 1 0 0 1 1 0 0 0 0 0 0 0 0 0 13
1 0 1 0 0 0 0 0 0 0 0 0 0 0 0 0 0 0 0 0 14
1 0 0 1 0 0 0 0 0 0 0 0 0 0 0 0 0 0 0 0 14
1 0 0 0 0 0 1 0 0 0 0 0 0 0 0 0 0 0 0 1 13
0 0 0 0 0 0 0 0 0 0 0 1 0 0 0 1 1 0 0 0 11
0 0 0 0 0 0 0 0 1 1 0 0 0 0 0 0 0 0 1 0 11
0 0 0 0 1 1 0 0 0 0 0 1 0 0 0 0 1 0 0 0 8
0 1 1 0 0 0 0 0 0 0 0 0 0 0 1 0 0 1 0 0 4
Tempo Total de Execução: 0.000999ms

0 0 0 1 0 0 0 0 0 0 0 0 0 0 0 0 0 1 1 0 3
0 0 0 0 0 1 0 0 0 0 0 1 0 0 0 0 0 0 0 0 5
0 0 0 0 0 0 0 0 0 0 0 0 0 1 0 0 1 0 0 0 7
0 0 0 0 1 0 0 0 0 0 0 1 0 0 0 0 0 0 0 0 8
0 1 0 0 0 0 0 0 0 1 0 0 0 0 1 0 0 0 0 0 11
0 0 0 0 0 0 0 1 0 0 0 0 1 1 0 0 0 0 0 0 13
0 0 0 0 1 0 0 0 0 0 0 1 0 0 0 0 0 0 0 0 10
0 0 0 0 1 0 0 0 0 0 0 0 0 0 0 0 0 0 0 1 11
0 1 0 0 0 0 1 0 0 1 1 0 0 0 0 0 0 0 0 0 13
1 0 1 0 0 0 0 0 0 0 0 0 0 0 0 0 0 0 0 0 14
1 0 0 1 0 0 0 0 0 0 0 0 0 0 0 0 0 0 0 0 14
1 0 0 0 0 0 1 0 0 0 0 0 0 0 0 0 0 0 0 1 13
0 0 0 0 0 0 0 0 0 0 0 1 0 0 0 1 1 0 0 0 11
0 0 0 0 0 0 0 0 1 1 0 0 0 0 0 0 0 0 1 0 11
0 0 0 0 1 1 0 0 0 0 0 1 0 0 0 0 1 0 0 0 8
0 1 1 0 0 0 0 0 0 0 0 0 0 0 1 0 0 1 0 0 4
Tempo Total de Execução: 0.001ms

0 0 0 1 0 0 0 0 0 0 0 0 0 0 0 0 0 1 1 0 3
0 0 0 0 0 1 0 0 0 0 0 1 0 0 0 0 0 0 0 0 5
0 0 0 0 0 0 0 0 0 0 0 0 0 1 0 0 1 0 0 0 7
0 0 0 0 1 0 0 0 0 0 0 1 0 0 0 0 0 0 0 0 8
0 1 0 0 0 0 0 0 0 1 0 0 0 0 1 0 0 0 0 0 11
0 0 0 0 0 0 0 1 0 0 0 0 1 1 0 0 0 0 0 0 13
0 0 0 0 1 0 0 0 0 0 0 1 0 0 0 0 0 0 0 0 10
0 0 0 0 1 0 0 0 0 0 0 0 0 0 0 0 0 0 0 1 11
0 1 0 0 0 0 1 0 0 1 1 0 0 0 0 0 0 0 0 0 13
1 0 1 0 0 0 0 0 0 0 0 0 0 0 0 0 0 0 0 0 14
1 0 0 1 0 0 0 0 0 0 0 0 0 0 0 0 0 0 0 0 14
1 0 0 0 0 0 1 0 0 0 0 0 0 0 0 0 0 0 0 1 13
0 0 0 0 0 0 0 0 0 0 0 1 0 0 0 1 1 0 0 0 11
0 0 0 0 0 0 0 0 1 1 0 0 0 0 0 0 0 0 1 0 11
0 0 0 0 1 1 0 0 0 0 0 1 0 0 0 0 1 0 0 0 8
0 1 1 0 0 0 0 0 0 0 0 0 0 0 1 0 0 1 0 0 4
Tempo Total de Execução: 0.000998ms

0 0 0 1 0 0 0 0 0 0 0 0 0 0 0 0 0 1 1 0 3
0 0 0 0 0 1 0 0 0 0 0 1 0 0 0 0 0 0 0 0 5
0 0 0 0 0 0 0 0 0 0 0 0 0 1 0 0 1 0 0 0 7
0 0 0 0 1 0 0 0 0 0 0 1 0 0 0 0 0 0 0 0 8
0 1 0 0 0 0 0 0 0 1 0 0 0 0 1 0 0 0 0 0 11
0 0 0 0 0 0 0 1 0 0 0 0 1 1 0 0 0 0 0 0 13
0 0 0 0 1 0 0 0 0 0 0 1 0 0 0 0 0 0 0 0 10
0 0 0 0 1 0 0 0 0 0 0 0 0 0 0 0 0 0 0 1 11
0 1 0 0 0 0 1 0 0 1 1 0 0 0 0 0 0 0 0 0 13
1 0 1 0 0 0 0 0 0 0 0 0 0 0 0 0 0 0 0 0 14
1 0 0 1 0 0 0 0 0 0 0 0 0 0 0 0 0 0 0 0 14
1 0 0 0 0 0 1 0 0 0 0 0 0 0 0 0 0 0 0 1 13
0 0 0 0 0 0 0 0 0 0 0 1 0 0 0 1 1 0 0 0 11
0 0 0 0 0 0 0 0 1 1 0 0 0 0 0 0 0 0 1 0 11
0 0 0 0 1 1 0 0 0 0 0 1 0 0 0 0 1 0 0 0 8
0 1 1 0 0 0 0 0 0 0 0 0 0 0 1 0 0 1 0 0 4
Tempo Total de Execução: 0.001ms

0 0 0 1 0 0 0 0 0 0 0 0 0 0 0 0 0 1 1 0 3
0 0 0 0 0 1 0 0 0 0 0 1 0 0 0 0 0 0 0 0 5
0 0 0 0 0 0 0 0 0 0 0 0 0 1 0 0 1 0 0 0 7
0 0 0 0 1 0 0 0 0 0 0 1 0 0 0 0 0 0 0 0 8
0 1 0 0 0 0 0 0 0 1 0 0 0 0 1 0 0 0 0 0 11
0 0 0 0 0 0 0 1 0 0 0 0 1 1 0 0 0 0 0 0 13
0 0 0 0 1 0 0 0 0 0 0 1 0 0 0 0 0 0 0 0 10
0 0 0 0 1 0 0 0 0 0 0 0 0 0 0 0 0 0 0 1 11
0 1 0 0 0 0 1 0 0 1 1 0 0 0 0 0 0 0 0 0 13
1 0 1 0 0 0 0 0 0 0 0 0 0 0 0 0 0 0 0 0 14
1 0 0 1 0 0 0 0 0 0 0 0 0 0 0 0 0 0 0 0 14
1 0 0 0 0 0 1 0 0 0 0 0 0 0 0 0 0 0 0 1 13
0 0 0 0 0 0 0 0 0 0 0 1 0 0 0 1 1 0 0 0 11
0 0 0 0 0 0 0 0 1 1 0 0 0 0 0 0 0 0 1 0 11
0 0 0 0 1 1 0 0 0 0 0 1 0 0 0 0 1 0 0 0 8
0 1 1 0 0 0 0 0 0 0 0 0 0 0 1 0 0 1 0 0 4
Tempo Total de Execução: 0.001ms

0 0 0 1 0 0 0 0 0 0 0 0 0 0 0 0 0 1 1 0 3
0 0 0 0 0 1 0 0 0 0 0 1 0 0 0 0 0 0 0 0 5
0 0 0 0 0 0 0 0 0 0 0 0 0 1 0 0 1 0 0 0 7
0 0 0 0 1 0 0 0 0 0 0 1 0 0 0 0 0 0 0 0 8
0 1 0 0 0 0 0 0 0 1 0 0 0 0 1 0 0 0 0 0 11
0 0 0 0 0 0 0 1 0 0 0 0 1 1 0 0 0 0 0 0 13
0 0 0 0 1 0 0 0 0 0 0 1 0 0 0 0 0 0 0 0 10
0 0 0 0 1 0 0 0 0 0 0 0 0 0 0 0 0 0 0 1 11
0 1 0 0 0 0 1 0 0 1 1 0 0 0 0 0 0 0 0 0 13
1 0 1 0 0 0 0 0 0 0 0 0 0 0 0 0 0 0 0 0 14
1 0 0 1 0 0 0 0 0 0 0 0 0 0 0 0 0 0 0 0 14
1 0 0 0 0 0 1 0 0 0 0 0 0 0 0 0 0 0 0 1 13
0 0 0 0 0 0 0 0 0 0 0 1 0 0 0 1 1 0 0 0 11
0 0 0 0 0 0 0 0 1 1 0 0 0 0 0 0 0 0 1 0 11
0 0 0 0 1 1 0 0 0 0 0 1 0 0 0 0 1 0 0 0 8
0 1 1 0 0 0 0 0 0 0 0 0 0 0 1 0 0 1 0 0 4
Tempo Total de Execução: 0.0ms

0 0 0 1 0 0 0 0 0 0 0 0 0 0 0 0 0 1 1 0 3
0 0 0 0 0 1 0 0 0 0 0 1 0 0 0 0 0 0 0 0 5
0 0 0 0 0 0 0 0 0 0 0 0 0 1 0 0 1 0 0 0 7
0 0 0 0 1 0 0 0 0 0 0 1 0 0 0 0 0 0 0 0 8
0 1 0 0 0 0 0 0 0 1 0 0 0 0 1 0 0 0 0 0 11
0 0 0 0 0 0 0 1 0 0 0 0 1 1 0 0 0 0 0 0 13
0 0 0 0 1 0 0 0 0 0 0 1 0 0 0 0 0 0 0 0 10
0 0 0 0 1 0 0 0 0 0 0 0 0 0 0 0 0 0 0 1 11
0 1 0 0 0 0 1 0 0 1 1 0 0 0 0 0 0 0 0 0 13
1 0 1 0 0 0 0 0 0 0 0 0 0 0 0 0 0 0 0 0 14
1 0 0 1 0 0 0 0 0 0 0 0 0 0 0 0 0 0 0 0 14
1 0 0 0 0 0 1 0 0 0 0 0 0 0 0 0 0 0 0 1 13
0 0 0 0 0 0 0 0 0 0 0 1 0 0 0 1 1 0 0 0 11
0 0 0 0 0 0 0 0 1 1 0 0 0 0 0 0 0 0 1 0 11
0 0 0 0 1 1 0 0 0 0 0 1 0 0 0 0 1 0 0 0 8
0 1 1 0 0 0 0 0 0 0 0 0 0 0 1 0 0 1 0 0 4
Tempo Total de Execução: 0.00098ms

0 0 0 1 0 0 0 0 0 0 0 0 0 0 0 0 0 1 1 0 3
0 0 0 0 0 1 0 0 0 0 0 1 0 0 0 0 0 0 0 0 5
0 0 0 0 0 0 0 0 0 0 0 0 0 1 0 0 1 0 0 0 7
0 0 0 0 1 0 0 0 0 0 0 1 0 0 0 0 0 0 0 0 8
0 1 0 0 0 0 0 0 0 1 0 0 0 0 1 0 0 0 0 0 11
0 0 0 0 0 0 0 1 0 0 0 0 1 1 0 0 0 0 0 0 13
0 0 0 0 1 0 0 0 0 0 0 1 0 0 0 0 0 0 0 0 10
0 0 0 0 1 0 0 0 0 0 0 0 0 0 0 0 0 0 0 1 11
0 1 0 0 0 0 1 0 0 1 1 0 0 0 0 0 0 0 0 0 13
1 0 1 0 0 0 0 0 0 0 0 0 0 0 0 0 0 0 0 0 14
1 0 0 1 0 0 0 0 0 0 0 0 0 0 0 0 0 0 0 0 14
1 0 0 0 0 0 1 0 0 0 0 0 0 0 0 0 0 0 0 1 13
0 0 0 0 0 0 0 0 0 0 0 1 0 0 0 1 1 0 0 0 11
0 0 0 0 0 0 0 0 1 1 0 0 0 0 0 0 0 0 1 0 11
0 0 0 0 1 1 0 0 0 0 0 1 0 0 0 0 1 0 0 0 8
0 1 1 0 0 0 0 0 0 0 0 0 0 0 1 0 0 1 0 0 4
Tempo Total de Execução: 0.00102ms

0 0 0 1 0 0 0 0 0 0 0 0 0 0 0 0 0 1 1 0 3
0 0 0 0 0 1 0 0 0 0 0 1 0 0 0 0 0 0 0 0 5
0 0 0 0 0 0 0 0 0 0 0 0 0 1 0 0 1 0 0 0 7
0 0 0 0 1 0 0 0 0 0 0 1 0 0 0 0 0 0 0 0 8
0 1 0 0 0 0 0 0 0 1 0 0 0 0 1 0 0 0 0 0 11
0 0 0 0 0 0 0 1 0 0 0 0 1 1 0 0 0 0 0 0 13
0 0 0 0 1 0 0 0 0 0 0 1 0 0 0 0 0 0 0 0 10
0 0 0 0 1 0 0 0 0 0 0 0 0 0 0 0 0 0 0 1 11
0 1 0 0 0 0 1 0 0 1 1 0 0 0 0 0 0 0 0 0 13
1 0 1 0 0 0 0 0 0 0 0 0 0 0 0 0 0 0 0 0 14
1 0 0 1 0 0 0 0 0 0 0 0 0 0 0 0 0 0 0 0 14
1 0 0 0 0 0 1 0 0 0 0 0 0 0 0 0 0 0 0 1 13
0 0 0 0 0 0 0 0 0 0 0 1 0 0 0 1 1 0 0 0 11
0 0 0 0 0 0 0 0 1 1 0 0 0 0 0 0 0 0 1 0 11
0 0 0 0 1 1 0 0 0 0 0 1 0 0 0 0 1 0 0 0 8
0 1 1 0 0 0 0 0 0 0 0 0 0 0 1 0 0 1 0 0 4
Tempo Total de Execução: 0.0ms

0 0 0 1 0 0 0 0 0 0 0 0 0 0 0 0 0 1 1 0 3
0 0 0 0 0 1 0 0 0 0 0 1 0 0 0 0 0 0 0 0 5
0 0 0 0 0 0 0 0 0 0 0 0 0 1 0 0 1 0 0 0 7
0 0 0 0 1 0 0 0 0 0 0 1 0 0 0 0 0 0 0 0 8
0 1 0 0 0 0 0 0 0 1 0 0 0 0 1 0 0 0 0 0 11
0 0 0 0 0 0 0 1 0 0 0 0 1 1 0 0 0 0 0 0 13
0 0 0 0 1 0 0 0 0 0 0 1 0 0 0 0 0 0 0 0 10
0 0 0 0 1 0 0 0 0 0 0 0 0 0 0 0 0 0 0 1 11
0 1 0 0 0 0 1 0 0 1 1 0 0 0 0 0 0 0 0 0 13
1 0 1 0 0 0 0 0 0 0 0 0 0 0 0 0 0 0 0 0 14
1 0 0 1 0 0 0 0 0 0 0 0 0 0 0 0 0 0 0 0 14
1 0 0 0 0 0 1 0 0 0 0 0 0 0 0 0 0 0 0 1 13
0 0 0 0 0 0 0 0 0 0 0 1 0 0 0 1 1 0 0 0 11
0 0 0 0 0 0 0 0 1 1 0 0 0 0 0 0 0 0 1 0 11
0 0 0 0 1 1 0 0 0 0 0 1 0 0 0 0 1 0 0 0 8
0 1 1 0 0 0 0 0 0 0 0 0 0 0 1 0 0 1 0 0 4
Tempo Total de Execução: 0.00098ms

0 0 0 1 0 0 0 0 0 0 0 0 0 0 0 0 0 1 1 0 3
0 0 0 0 0 1 0 0 0 0 0 1 0 0 0 0 0 0 0 0 5
0 0 0 0 0 0 0 0 0 0 0 0 0 1 0 0 1 0 0 0 7
0 0 0 0 1 0 0 0 0 0 0 1 0 0 0 0 0 0 0 0 8
0 1 0 0 0 0 0 0 0 1 0 0 0 0 1 0 0 0 0 0 11
0 0 0 0 0 0 0 1 0 0 0 0 1 1 0 0 0 0 0 0 13
0 0 0 0 1 0 0 0 0 0 0 1 0 0 0 0 0 0 0 0 10
0 0 0 0 1 0 0 0 0 0 0 0 0 0 0 0 0 0 0 1 11
0 1 0 0 0 0 1 0 0 1 1 0 0 0 0 0 0 0 0 0 13
1 0 1 0 0 0 0 0 0 0 0 0 0 0 0 0 0 0 0 0 14
1 0 0 1 0 0 0 0 0 0 0 0 0 0 0 0 0 0 0 0 14
1 0 0 0 0 0 1 0 0 0 0 0 0 0 0 0 0 0 0 1 13
0 0 0 0 0 0 0 0 0 0 0 1 0 0 0 1 1 0 0 0 11
0 0 0 0 0 0 0 0 1 1 0 0 0 0 0 0 0 0 1 0 11
0 0 0 0 1 1 0 0 0 0 0 1 0 0 0 0 1 0 0 0 8
0 1 1 0 0 0 0 0 0 0 0 0 0 0 1 0 0 1 0 0 4
Tempo Total de Execução: 0.001ms

0 0 0 1 0 0 0 0 0 0 0 0 0 0 0 0 0 1 1 0 3
0 0 0 0 0 1 0 0 0 0 0 1 0 0 0 0 0 0 0 0 5
0 0 0 0 0 0 0 0 0 0 0 0 0 1 0 0 1 0 0 0 7
0 0 0 0 1 0 0 0 0 0 0 1 0 0 0 0 0 0 0 0 8
0 1 0 0 0 0 0 0 0 1 0 0 0 0 1 0 0 0 0 0 11
0 0 0 0 0 0 0 1 0 0 0 0 1 1 0 0 0 0 0 0 13
0 0 0 0 1 0 0 0 0 0 0 1 0 0 0 0 0 0 0 0 10
0 0 0 0 1 0 0 0 0 0 0 0 0 0 0 0 0 0 0 1 11
0 1 0 0 0 0 1 0 0 1 1 0 0 0 0 0 0 0 0 0 13
1 0 1 0 0 0 0 0 0 0 0 0 0 0 0 0 0 0 0 0 14
1 0 0 1 0 0 0 0 0 0 0 0 0 0 0 0 0 0 0 0 14
1 0 0 0 0 0 1 0 0 0 0 0 0 0 0 0 0 0 0 1 13
0 0 0 0 0 0 0 0 0 0 0 1 0 0 0 1 1 0 0 0 11
0 0 0 0 0 0 0 0 1 1 0 0 0 0 0 0 0 0 1 0 11
0 0 0 0 1 1 0 0 0 0 0 1 0 0 0 0 1 0 0 0 8
0 1 1 0 0 0 0 0 0 0 0 0 0 0 1 0 0 1 0 0 4
Tempo Total de Execução: 0.000997ms

0 0 0 1 0 0 0 0 0 0 0 0 0 0 0 0 0 1 1 0 3
0 0 0 0 0 1 0 0 0 0 0 1 0 0 0 0 0 0 0 0 5
0 0 0 0 0 0 0 0 0 0 0 0 0 1 0 0 1 0 0 0 7
0 0 0 0 1 0 0 0 0 0 0 1 0 0 0 0 0 0 0 0 8
0 1 0 0 0 0 0 0 0 1 0 0 0 0 1 0 0 0 0 0 11
0 0 0 0 0 0 0 1 0 0 0 0 1 1 0 0 0 0 0 0 13
0 0 0 0 1 0 0 0 0 0 0 1 0 0 0 0 0 0 0 0 10
0 0 0 0 1 0 0 0 0 0 0 0 0 0 0 0 0 0 0 1 11
0 1 0 0 0 0 1 0 0 1 1 0 0 0 0 0 0 0 0 0 13
1 0 1 0 0 0 0 0 0 0 0 0 0 0 0 0 0 0 0 0 14
1 0 0 1 0 0 0 0 0 0 0 0 0 0 0 0 0 0 0 0 14
1 0 0 0 0 0 1 0 0 0 0 0 0 0 0 0 0 0 0 1 13
0 0 0 0 0 0 0 0 0 0 0 1 0 0 0 1 1 0 0 0 11
0 0 0 0 0 0 0 0 1 1 0 0 0 0 0 0 0 0 1 0 11
0 0 0 0 1 1 0 0 0 0 0 1 0 0 0 0 1 0 0 0 8
0 1 1 0 0 0 0 0 0 0 0 0 0 0 1 0 0 1 0 0 4
Tempo Total de Execução: 0.00102ms

0 0 0 1 0 0 0 0 0 0 0 0 0 0 0 0 0 1 1 0 3
0 0 0 0 0 1 0 0 0 0 0 1 0 0 0 0 0 0 0 0 5
0 0 0 0 0 0 0 0 0 0 0 0 0 1 0 0 1 0 0 0 7
0 0 0 0 1 0 0 0 0 0 0 1 0 0 0 0 0 0 0 0 8
0 1 0 0 0 0 0 0 0 1 0 0 0 0 1 0 0 0 0 0 11
0 0 0 0 0 0 0 1 0 0 0 0 1 1 0 0 0 0 0 0 13
0 0 0 0 1 0 0 0 0 0 0 1 0 0 0 0 0 0 0 0 10
0 0 0 0 1 0 0 0 0 0 0 0 0 0 0 0 0 0 0 1 11
0 1 0 0 0 0 1 0 0 1 1 0 0 0 0 0 0 0 0 0 13
1 0 1 0 0 0 0 0 0 0 0 0 0 0 0 0 0 0 0 0 14
1 0 0 1 0 0 0 0 0 0 0 0 0 0 0 0 0 0 0 0 14
1 0 0 0 0 0 1 0 0 0 0 0 0 0 0 0 0 0 0 1 13
0 0 0 0 0 0 0 0 0 0 0 1 0 0 0 1 1 0 0 0 11
0 0 0 0 0 0 0 0 1 1 0 0 0 0 0 0 0 0 1 0 11
0 0 0 0 1 1 0 0 0 0 0 1 0 0 0 0 1 0 0 0 8
0 1 1 0 0 0 0 0 0 0 0 0 0 0 1 0 0 1 0 0 4
Tempo Total de Execução: 0.0ms

0 0 0 1 0 0 0 0 0 0 0 0 0 0 0 0 0 1 1 0 3
0 0 0 0 0 1 0 0 0 0 0 1 0 0 0 0 0 0 0 0 5
0 0 0 0 0 0 0 0 0 0 0 0 0 1 0 0 1 0 0 0 7
0 0 0 0 1 0 0 0 0 0 0 1 0 0 0 0 0 0 0 0 8
0 1 0 0 0 0 0 0 0 1 0 0 0 0 1 0 0 0 0 0 11
0 0 0 0 0 0 0 1 0 0 0 0 1 1 0 0 0 0 0 0 13
0 0 0 0 1 0 0 0 0 0 0 1 0 0 0 0 0 0 0 0 10
0 0 0 0 1 0 0 0 0 0 0 0 0 0 0 0 0 0 0 1 11
0 1 0 0 0 0 1 0 0 1 1 0 0 0 0 0 0 0 0 0 13
1 0 1 0 0 0 0 0 0 0 0 0 0 0 0 0 0 0 0 0 14
1 0 0 1 0 0 0 0 0 0 0 0 0 0 0 0 0 0 0 0 14
1 0 0 0 0 0 1 0 0 0 0 0 0 0 0 0 0 0 0 1 13
0 0 0 0 0 0 0 0 0 0 0 1 0 0 0 1 1 0 0 0 11
0 0 0 0 0 0 0 0 1 1 0 0 0 0 0 0 0 0 1 0 11
0 0 0 0 1 1 0 0 0 0 0 1 0 0 0 0 1 0 0 0 8
0 1 1 0 0 0 0 0 0 0 0 0 0 0 1 0 0 1 0 0 4
Tempo Total de Execução: 0.0ms

0 0 0 1 0 0 0 0 0 0 0 0 0 0 0 0 0 1 1 0 3
0 0 0 0 0 1 0 0 0 0 0 1 0 0 0 0 0 0 0 0 5
0 0 0 0 0 0 0 0 0 0 0 0 0 1 0 0 1 0 0 0 7
0 0 0 0 1 0 0 0 0 0 0 1 0 0 0 0 0 0 0 0 8
0 1 0 0 0 0 0 0 0 1 0 0 0 0 1 0 0 0 0 0 11
0 0 0 0 0 0 0 1 0 0 0 0 1 1 0 0 0 0 0 0 13
0 0 0 0 1 0 0 0 0 0 0 1 0 0 0 0 0 0 0 0 10
0 0 0 0 1 0 0 0 0 0 0 0 0 0 0 0 0 0 0 1 11
0 1 0 0 0 0 1 0 0 1 1 0 0 0 0 0 0 0 0 0 13
1 0 1 0 0 0 0 0 0 0 0 0 0 0 0 0 0 0 0 0 14
1 0 0 1 0 0 0 0 0 0 0 0 0 0 0 0 0 0 0 0 14
1 0 0 0 0 0 1 0 0 0 0 0 0 0 0 0 0 0 0 1 13
0 0 0 0 0 0 0 0 0 0 0 1 0 0 0 1 1 0 0 0 11
0 0 0 0 0 0 0 0 1 1 0 0 0 0 0 0 0 0 1 0 11
0 0 0 0 1 1 0 0 0 0 0 1 0 0 0 0 1 0 0 0 8
0 1 1 0 0 0 0 0 0 0 0 0 0 0 1 0 0 1 0 0 4
Tempo Total de Execução: 0.000979ms

0 0 0 1 0 0 0 0 0 0 0 0 0 0 0 0 0 1 1 0 3
0 0 0 0 0 1 0 0 0 0 0 1 0 0 0 0 0 0 0 0 5
0 0 0 0 0 0 0 0 0 0 0 0 0 1 0 0 1 0 0 0 7
0 0 0 0 1 0 0 0 0 0 0 1 0 0 0 0 0 0 0 0 8
0 1 0 0 0 0 0 0 0 1 0 0 0 0 1 0 0 0 0 0 11
0 0 0 0 0 0 0 1 0 0 0 0 1 1 0 0 0 0 0 0 13
0 0 0 0 1 0 0 0 0 0 0 1 0 0 0 0 0 0 0 0 10
0 0 0 0 1 0 0 0 0 0 0 0 0 0 0 0 0 0 0 1 11
0 1 0 0 0 0 1 0 0 1 1 0 0 0 0 0 0 0 0 0 13
1 0 1 0 0 0 0 0 0 0 0 0 0 0 0 0 0 0 0 0 14
1 0 0 1 0 0 0 0 0 0 0 0 0 0 0 0 0 0 0 0 14
1 0 0 0 0 0 1 0 0 0 0 0 0 0 0 0 0 0 0 1 13
0 0 0 0 0 0 0 0 0 0 0 1 0 0 0 1 1 0 0 0 11
0 0 0 0 0 0 0 0 1 1 0 0 0 0 0 0 0 0 1 0 11
0 0 0 0 1 1 0 0 0 0 0 1 0 0 0 0 1 0 0 0 8
0 1 1 0 0 0 0 0 0 0 0 0 0 0 1 0 0 1 0 0 4
Tempo Total de Execução: 0.000998ms

0 0 0 1 0 0 0 0 0 0 0 0 0 0 0 0 0 1 1 0 3
0 0 0 0 0 1 0 0 0 0 0 1 0 0 0 0 0 0 0 0 5
0 0 0 0 0 0 0 0 0 0 0 0 0 1 0 0 1 0 0 0 7
0 0 0 0 1 0 0 0 0 0 0 1 0 0 0 0 0 0 0 0 8
0 1 0 0 0 0 0 0 0 1 0 0 0 0 1 0 0 0 0 0 11
0 0 0 0 0 0 0 1 0 0 0 0 1 1 0 0 0 0 0 0 13
0 0 0 0 1 0 0 0 0 0 0 1 0 0 0 0 0 0 0 0 10
0 0 0 0 1 0 0 0 0 0 0 0 0 0 0 0 0 0 0 1 11
0 1 0 0 0 0 1 0 0 1 1 0 0 0 0 0 0 0 0 0 13
1 0 1 0 0 0 0 0 0 0 0 0 0 0 0 0 0 0 0 0 14
1 0 0 1 0 0 0 0 0 0 0 0 0 0 0 0 0 0 0 0 14
1 0 0 0 0 0 1 0 0 0 0 0 0 0 0 0 0 0 0 1 13
0 0 0 0 0 0 0 0 0 0 0 1 0 0 0 1 1 0 0 0 11
0 0 0 0 0 0 0 0 1 1 0 0 0 0 0 0 0 0 1 0 11
0 0 0 0 1 1 0 0 0 0 0 1 0 0 0 0 1 0 0 0 8
0 1 1 0 0 0 0 0 0 0 0 0 0 0 1 0 0 1 0 0 4
Tempo Total de Execução: 0.0ms

0 0 0 1 0 0 0 0 0 0 0 0 0 0 0 0 0 1 1 0 3
0 0 0 0 0 1 0 0 0 0 0 1 0 0 0 0 0 0 0 0 5
0 0 0 0 0 0 0 0 0 0 0 0 0 1 0 0 1 0 0 0 7
0 0 0 0 1 0 0 0 0 0 0 1 0 0 0 0 0 0 0 0 8
0 1 0 0 0 0 0 0 0 1 0 0 0 0 1 0 0 0 0 0 11
0 0 0 0 0 0 0 1 0 0 0 0 1 1 0 0 0 0 0 0 13
0 0 0 0 1 0 0 0 0 0 0 1 0 0 0 0 0 0 0 0 10
0 0 0 0 1 0 0 0 0 0 0 0 0 0 0 0 0 0 0 1 11
0 1 0 0 0 0 1 0 0 1 1 0 0 0 0 0 0 0 0 0 13
1 0 1 0 0 0 0 0 0 0 0 0 0 0 0 0 0 0 0 0 14
1 0 0 1 0 0 0 0 0 0 0 0 0 0 0 0 0 0 0 0 14
1 0 0 0 0 0 1 0 0 0 0 0 0 0 0 0 0 0 0 1 13
0 0 0 0 0 0 0 0 0 0 0 1 0 0 0 1 1 0 0 0 11
0 0 0 0 0 0 0 0 1 1 0 0 0 0 0 0 0 0 1 0 11
0 0 0 0 1 1 0 0 0 0 0 1 0 0 0 0 1 0 0 0 8
0 1 1 0 0 0 0 0 0 0 0 0 0 0 1 0 0 1 0 0 4
Tempo Total de Execução: 0.001ms

0 0 0 1 0 0 0 0 0 0 0 0 0 0 0 0 0 1 1 0 3
0 0 0 0 0 1 0 0 0 0 0 1 0 0 0 0 0 0 0 0 5
0 0 0 0 0 0 0 0 0 0 0 0 0 1 0 0 1 0 0 0 7
0 0 0 0 1 0 0 0 0 0 0 1 0 0 0 0 0 0 0 0 8
0 1 0 0 0 0 0 0 0 1 0 0 0 0 1 0 0 0 0 0 11
0 0 0 0 0 0 0 1 0 0 0 0 1 1 0 0 0 0 0 0 13
0 0 0 0 1 0 0 0 0 0 0 1 0 0 0 0 0 0 0 0 10
0 0 0 0 1 0 0 0 0 0 0 0 0 0 0 0 0 0 0 1 11
0 1 0 0 0 0 1 0 0 1 1 0 0 0 0 0 0 0 0 0 13
1 0 1 0 0 0 0 0 0 0 0 0 0 0 0 0 0 0 0 0 14
1 0 0 1 0 0 0 0 0 0 0 0 0 0 0 0 0 0 0 0 14
1 0 0 0 0 0 1 0 0 0 0 0 0 0 0 0 0 0 0 1 13
0 0 0 0 0 0 0 0 0 0 0 1 0 0 0 1 1 0 0 0 11
0 0 0 0 0 0 0 0 1 1 0 0 0 0 0 0 0 0 1 0 11
0 0 0 0 1 1 0 0 0 0 0 1 0 0 0 0 1 0 0 0 8
0 1 1 0 0 0 0 0 0 0 0 0 0 0 1 0 0 1 0 0 4
Tempo Total de Execução: 0.0ms

0 0 0 1 0 0 0 0 0 0 0 0 0 0 0 0 0 1 1 0 3
0 0 0 0 0 1 0 0 0 0 0 1 0 0 0 0 0 0 0 0 5
0 0 0 0 0 0 0 0 0 0 0 0 0 1 0 0 1 0 0 0 7
0 0 0 0 1 0 0 0 0 0 0 1 0 0 0 0 0 0 0 0 8
0 1 0 0 0 0 0 0 0 1 0 0 0 0 1 0 0 0 0 0 11
0 0 0 0 0 0 0 1 0 0 0 0 1 1 0 0 0 0 0 0 13
0 0 0 0 1 0 0 0 0 0 0 1 0 0 0 0 0 0 0 0 10
0 0 0 0 1 0 0 0 0 0 0 0 0 0 0 0 0 0 0 1 11
0 1 0 0 0 0 1 0 0 1 1 0 0 0 0 0 0 0 0 0 13
1 0 1 0 0 0 0 0 0 0 0 0 0 0 0 0 0 0 0 0 14
1 0 0 1 0 0 0 0 0 0 0 0 0 0 0 0 0 0 0 0 14
1 0 0 0 0 0 1 0 0 0 0 0 0 0 0 0 0 0 0 1 13
0 0 0 0 0 0 0 0 0 0 0 1 0 0 0 1 1 0 0 0 11
0 0 0 0 0 0 0 0 1 1 0 0 0 0 0 0 0 0 1 0 11
0 0 0 0 1 1 0 0 0 0 0 1 0 0 0 0 1 0 0 0 8
0 1 1 0 0 0 0 0 0 0 0 0 0 0 1 0 0 1 0 0 4
Tempo Total de Execução: 0.001ms

0 1 0 0 0 0 1 0 0 1 1 0 0 0 0 0 0 0 0 0 4
0 0 0 0 1 0 0 0 0 0 0 1 0 0 0 0 0 0 0 0 5
1 0 0 1 0 0 0 0 0 0 0 0 0 0 0 0 0 0 0 0 7
0 0 0 0 1 0 0 0 0 0 0 1 0 0 0 0 0 0 0 0 7
0 0 0 0 0 0 0 0 0 0 0 1 0 0 0 1 1 0 0 0 9
0 0 0 0 1 1 0 0 0 0 0 1 0 0 0 0 1 0 0 0 9
0 0 0 0 0 0 0 1 0 0 0 0 1 1 0 0 0 0 0 0 12
0 0 0 0 0 0 0 0 1 1 0 0 0 0 0 0 0 0 1 0 12
0 0 0 0 1 0 0 0 0 0 0 0 0 0 0 0 0 0 0 1 12
1 0 0 0 0 0 1 0 0 0 0 0 0 0 0 0 0 0 0 1 11
0 1 0 0 0 0 0 0 0 1 0 0 0 0 1 0 0 0 0 0 10
0 0 0 0 0 1 0 0 0 0 0 1 0 0 0 0 0 0 0 0 9
0 0 0 0 0 0 0 0 0 0 0 0 0 1 0 0 1 0 0 0 7
0 0 0 1 0 0 0 0 0 0 0 0 0 0 0 0 0 1 1 0 6
1 0 1 0 0 0 0 0 0 0 0 0 0 0 0 0 0 0 0 0 5
0 1 1 0 0 0 0 0 0 0 0 0 0 0 1 0 0 1 0 0 4
Tempo Total de Execução: 0.000998ms

0 0 0 1 0 0 0 0 0 0 0 0 0 0 0 0 0 1 1 0 3
0 0 0 0 0 1 0 0 0 0 0 1 0 0 0 0 0 0 0 0 5
0 0 0 0 0 0 0 0 0 0 0 0 0 1 0 0 1 0 0 0 7
0 0 0 0 1 0 0 0 0 0 0 1 0 0 0 0 0 0 0 0 8
0 1 0 0 0 0 0 0 0 1 0 0 0 0 1 0 0 0 0 0 11
0 0 0 0 0 0 0 1 0 0 0 0 1 1 0 0 0 0 0 0 13
0 0 0 0 1 0 0 0 0 0 0 1 0 0 0 0 0 0 0 0 10
0 0 0 0 1 0 0 0 0 0 0 0 0 0 0 0 0 0 0 1 11
0 1 0 0 0 0 1 0 0 1 1 0 0 0 0 0 0 0 0 0 13
1 0 1 0 0 0 0 0 0 0 0 0 0 0 0 0 0 0 0 0 14
1 0 0 1 0 0 0 0 0 0 0 0 0 0 0 0 0 0 0 0 14
1 0 0 0 0 0 1 0 0 0 0 0 0 0 0 0 0 0 0 1 13
0 0 0 0 0 0 0 0 0 0 0 1 0 0 0 1 1 0 0 0 11
0 0 0 0 0 0 0 0 1 1 0 0 0 0 0 0 0 0 1 0 11
0 0 0 0 1 1 0 0 0 0 0 1 0 0 0 0 1 0 0 0 8
0 1 1 0 0 0 0 0 0 0 0 0 0 0 1 0 0 1 0 0 4
Tempo Total de Execução: 0.001ms

0 0 0 1 0 0 0 0 0 0 0 0 0 0 0 0 0 1 1 0 3
0 0 0 0 0 1 0 0 0 0 0 1 0 0 0 0 0 0 0 0 5
0 0 0 0 0 0 0 0 0 0 0 0 0 1 0 0 1 0 0 0 7
0 0 0 0 1 0 0 0 0 0 0 1 0 0 0 0 0 0 0 0 8
0 1 0 0 0 0 0 0 0 1 0 0 0 0 1 0 0 0 0 0 11
0 0 0 0 0 0 0 1 0 0 0 0 1 1 0 0 0 0 0 0 13
0 0 0 0 1 0 0 0 0 0 0 1 0 0 0 0 0 0 0 0 10
0 0 0 0 1 0 0 0 0 0 0 0 0 0 0 0 0 0 0 1 11
0 1 0 0 0 0 1 0 0 1 1 0 0 0 0 0 0 0 0 0 13
1 0 1 0 0 0 0 0 0 0 0 0 0 0 0 0 0 0 0 0 14
1 0 0 1 0 0 0 0 0 0 0 0 0 0 0 0 0 0 0 0 14
1 0 0 0 0 0 1 0 0 0 0 0 0 0 0 0 0 0 0 1 13
0 0 0 0 0 0 0 0 0 0 0 1 0 0 0 1 1 0 0 0 11
0 0 0 0 0 0 0 0 1 1 0 0 0 0 0 0 0 0 1 0 11
0 0 0 0 1 1 0 0 0 0 0 1 0 0 0 0 1 0 0 0 8
0 1 1 0 0 0 0 0 0 0 0 0 0 0 1 0 0 1 0 0 4
Tempo Total de Execução: 0.001ms

0 0 0 1 0 0 0 0 0 0 0 0 0 0 0 0 0 1 1 0 3
0 0 0 0 0 1 0 0 0 0 0 1 0 0 0 0 0 0 0 0 5
0 0 0 0 0 0 0 0 0 0 0 0 0 1 0 0 1 0 0 0 7
0 0 0 0 1 0 0 0 0 0 0 1 0 0 0 0 0 0 0 0 8
0 1 0 0 0 0 0 0 0 1 0 0 0 0 1 0 0 0 0 0 11
0 0 0 0 0 0 0 1 0 0 0 0 1 1 0 0 0 0 0 0 13
0 0 0 0 1 0 0 0 0 0 0 1 0 0 0 0 0 0 0 0 10
0 0 0 0 1 0 0 0 0 0 0 0 0 0 0 0 0 0 0 1 11
0 1 0 0 0 0 1 0 0 1 1 0 0 0 0 0 0 0 0 0 13
1 0 1 0 0 0 0 0 0 0 0 0 0 0 0 0 0 0 0 0 14
1 0 0 1 0 0 0 0 0 0 0 0 0 0 0 0 0 0 0 0 14
1 0 0 0 0 0 1 0 0 0 0 0 0 0 0 0 0 0 0 1 13
0 0 0 0 0 0 0 0 0 0 0 1 0 0 0 1 1 0 0 0 11
0 0 0 0 0 0 0 0 1 1 0 0 0 0 0 0 0 0 1 0 11
0 0 0 0 1 1 0 0 0 0 0 1 0 0 0 0 1 0 0 0 8
0 1 1 0 0 0 0 0 0 0 0 0 0 0 1 0 0 1 0 0 4
Tempo Total de Execução: 0.031ms

0 0 0 1 0 0 0 0 0 0 0 0 0 0 0 0 0 1 1 0 3
0 0 0 0 0 1 0 0 0 0 0 1 0 0 0 0 0 0 0 0 5
0 0 0 0 0 0 0 0 0 0 0 0 0 1 0 0 1 0 0 0 7
0 0 0 0 1 0 0 0 0 0 0 1 0 0 0 0 0 0 0 0 8
0 1 0 0 0 0 0 0 0 1 0 0 0 0 1 0 0 0 0 0 11
0 0 0 0 0 0 0 1 0 0 0 0 1 1 0 0 0 0 0 0 13
0 0 0 0 1 0 0 0 0 0 0 1 0 0 0 0 0 0 0 0 10
0 0 0 0 1 0 0 0 0 0 0 0 0 0 0 0 0 0 0 1 11
0 1 0 0 0 0 1 0 0 1 1 0 0 0 0 0 0 0 0 0 13
1 0 1 0 0 0 0 0 0 0 0 0 0 0 0 0 0 0 0 0 14
1 0 0 1 0 0 0 0 0 0 0 0 0 0 0 0 0 0 0 0 14
1 0 0 0 0 0 1 0 0 0 0 0 0 0 0 0 0 0 0 1 13
0 0 0 0 0 0 0 0 0 0 0 1 0 0 0 1 1 0 0 0 11
0 0 0 0 0 0 0 0 1 1 0 0 0 0 0 0 0 0 1 0 11
0 0 0 0 1 1 0 0 0 0 0 1 0 0 0 0 1 0 0 0 8
0 1 1 0 0 0 0 0 0 0 0 0 0 0 1 0 0 1 0 0 4
Tempo Total de Execução: 0.00102ms

0 0 0 1 0 0 0 0 0 0 0 0 0 0 0 0 0 1 1 0 3
0 0 0 0 0 1 0 0 0 0 0 1 0 0 0 0 0 0 0 0 5
0 0 0 0 0 0 0 0 0 0 0 0 0 1 0 0 1 0 0 0 7
0 0 0 0 1 0 0 0 0 0 0 1 0 0 0 0 0 0 0 0 8
0 1 0 0 0 0 0 0 0 1 0 0 0 0 1 0 0 0 0 0 11
0 0 0 0 0 0 0 1 0 0 0 0 1 1 0 0 0 0 0 0 13
0 0 0 0 1 0 0 0 0 0 0 1 0 0 0 0 0 0 0 0 10
0 0 0 0 1 0 0 0 0 0 0 0 0 0 0 0 0 0 0 1 11
0 1 0 0 0 0 1 0 0 1 1 0 0 0 0 0 0 0 0 0 13
1 0 1 0 0 0 0 0 0 0 0 0 0 0 0 0 0 0 0 0 14
1 0 0 1 0 0 0 0 0 0 0 0 0 0 0 0 0 0 0 0 14
1 0 0 0 0 0 1 0 0 0 0 0 0 0 0 0 0 0 0 1 13
0 0 0 0 0 0 0 0 0 0 0 1 0 0 0 1 1 0 0 0 11
0 0 0 0 0 0 0 0 1 1 0 0 0 0 0 0 0 0 1 0 11
0 0 0 0 1 1 0 0 0 0 0 1 0 0 0 0 1 0 0 0 8
0 1 1 0 0 0 0 0 0 0 0 0 0 0 1 0 0 1 0 0 4
Tempo Total de Execução: 0.0ms

0 1 0 0 0 0 1 0 0 1 1 0 0 0 0 0 0 0 0 0 4
0 0 0 0 1 0 0 0 0 0 0 1 0 0 0 0 0 0 0 0 5
1 0 0 1 0 0 0 0 0 0 0 0 0 0 0 0 0 0 0 0 7
0 0 0 0 1 0 0 0 0 0 0 1 0 0 0 0 0 0 0 0 7
0 0 0 0 0 0 0 0 0 0 0 1 0 0 0 1 1 0 0 0 9
0 0 0 0 1 1 0 0 0 0 0 1 0 0 0 0 1 0 0 0 9
0 0 0 0 0 0 0 1 0 0 0 0 1 1 0 0 0 0 0 0 12
0 0 0 0 0 0 0 0 1 1 0 0 0 0 0 0 0 0 1 0 12
0 0 0 0 1 0 0 0 0 0 0 0 0 0 0 0 0 0 0 1 12
1 0 0 0 0 0 1 0 0 0 0 0 0 0 0 0 0 0 0 1 11
0 1 0 0 0 0 0 0 0 1 0 0 0 0 1 0 0 0 0 0 10
0 0 0 0 0 1 0 0 0 0 0 1 0 0 0 0 0 0 0 0 9
0 0 0 0 0 0 0 0 0 0 0 0 0 1 0 0 1 0 0 0 7
0 0 0 1 0 0 0 0 0 0 0 0 0 0 0 0 0 1 1 0 6
1 0 1 0 0 0 0 0 0 0 0 0 0 0 0 0 0 0 0 0 5
0 1 1 0 0 0 0 0 0 0 0 0 0 0 1 0 0 1 0 0 4
Tempo Total de Execução: 0.0ms

1 0 1 0 0 0 0 0 0 0 0 0 0 0 0 0 0 0 0 0 2
0 0 0 0 0 1 0 0 0 0 0 1 0 0 0 0 0 0 0 0 4
0 0 0 0 0 0 0 1 0 0 0 0 1 1 0 0 0 0 0 0 7
0 0 0 0 0 0 0 0 1 1 0 0 0 0 0 0 0 0 1 0 8
0 0 0 0 1 0 0 0 0 0 0 1 0 0 0 0 0 0 0 0 8
0 0 0 0 0 0 0 0 0 0 0 0 0 1 0 0 1 0 0 0 9
1 0 0 0 0 0 1 0 0 0 0 0 0 0 0 0 0 0 0 1 10
0 0 0 1 0 0 0 0 0 0 0 0 0 0 0 0 0 1 1 0 12
0 1 1 0 0 0 0 0 0 0 0 0 0 0 1 0 0 1 0 0 13
0 0 0 0 0 0 0 0 0 0 0 1 0 0 0 1 1 0 0 0 12
0 0 0 0 1 1 0 0 0 0 0 1 0 0 0 0 1 0 0 0 11
0 1 0 0 0 0 0 0 0 1 0 0 0 0 1 0 0 0 0 0 9
0 0 0 0 1 0 0 0 0 0 0 1 0 0 0 0 0 0 0 0 8
1 0 0 1 0 0 0 0 0 0 0 0 0 0 0 0 0 0 0 0 7
0 1 0 0 0 0 1 0 0 1 1 0 0 0 0 0 0 0 0 0 6
0 0 0 0 1 0 0 0 0 0 0 0 0 0 0 0 0 0 0 1 2
Tempo Total de Execução: 0.0ms

0 0 0 0 0 0 0 0 1 1 0 0 0 0 0 0 0 0 1 0 3
1 0 1 0 0 0 0 0 0 0 0 0 0 0 0 0 0 0 0 0 4
0 0 0 0 1 0 0 0 0 0 0 1 0 0 0 0 0 0 0 0 6
0 0 0 0 0 0 0 0 0 0 0 1 0 0 0 1 1 0 0 0 8
0 1 1 0 0 0 0 0 0 0 0 0 0 0 1 0 0 1 0 0 10
0 0 0 0 1 0 0 0 0 0 0 1 0 0 0 0 0 0 0 0 9
0 0 0 1 0 0 0 0 0 0 0 0 0 0 0 0 0 1 1 0 10
1 0 0 1 0 0 0 0 0 0 0 0 0 0 0 0 0 0 0 0 8
0 0 0 0 0 0 0 0 0 0 0 0 0 1 0 0 1 0 0 0 8
0 0 0 0 0 1 0 0 0 0 0 1 0 0 0 0 0 0 0 0 9
0 1 0 0 0 0 1 0 0 1 1 0 0 0 0 0 0 0 0 0 11
0 1 0 0 0 0 0 0 0 1 0 0 0 0 1 0 0 0 0 0 10
1 0 0 0 0 0 1 0 0 0 0 0 0 0 0 0 0 0 0 1 8
0 0 0 0 1 1 0 0 0 0 0 1 0 0 0 0 1 0 0 0 6
0 0 0 0 0 0 0 1 0 0 0 0 1 1 0 0 0 0 0 0 5
0 0 0 0 1 0 0 0 0 0 0 0 0 0 0 0 0 0 0 1 2
Tempo Total de Execução: 0.001ms

0 0 0 0 1 0 0 0 0 0 0 1 0 0 0 0 0 0 0 0 2
1 0 0 0 0 0 1 0 0 0 0 0 0 0 0 0 0 0 0 1 5
0 1 1 0 0 0 0 0 0 0 0 0 0 0 1 0 0 1 0 0 9
0 0 0 0 0 0 0 0 0 0 0 0 0 1 0 0 1 0 0 0 11
0 0 0 1 0 0 0 0 0 0 0 0 0 0 0 0 0 1 1 0 13
0 1 0 0 0 0 0 0 0 1 0 0 0 0 1 0 0 0 0 0 13
1 0 0 1 0 0 0 0 0 0 0 0 0 0 0 0 0 0 0 0 12
0 0 0 0 0 0 0 1 0 0 0 0 1 1 0 0 0 0 0 0 13
0 0 0 0 0 0 0 0 1 1 0 0 0 0 0 0 0 0 1 0 11
0 1 0 0 0 0 1 0 0 1 1 0 0 0 0 0 0 0 0 0 10
0 0 0 0 0 1 0 0 0 0 0 1 0 0 0 0 0 0 0 0 7
0 0 0 0 1 0 0 0 0 0 0 1 0 0 0 0 0 0 0 0 7
0 0 0 0 1 0 0 0 0 0 0 0 0 0 0 0 0 0 0 1 7
0 0 0 0 1 1 0 0 0 0 0 1 0 0 0 0 1 0 0 0 6
0 0 0 0 0 0 0 0 0 0 0 1 0 0 0 1 1 0 0 0 5
1 0 1 0 0 0 0 0 0 0 0 0 0 0 0 0 0 0 0 0 2
Tempo Total de Execução: 0.0ms

1 0 0 1 0 0 0 0 0 0 0 0 0 0 0 0 0 0 0 0 2
0 0 0 0 1 0 0 0 0 0 0 0 0 0 0 0 0 0 0 1 4
0 0 0 0 0 0 0 0 0 0 0 1 0 0 0 1 1 0 0 0 7
0 0 0 0 1 0 0 0 0 0 0 1 0 0 0 0 0 0 0 0 6
0 1 1 0 0 0 0 0 0 0 0 0 0 0 1 0 0 1 0 0 10
0 0 0 0 0 0 0 0 1 1 0 0 0 0 0 0 0 0 1 0 13
0 0 0 1 0 0 0 0 0 0 0 0 0 0 0 0 0 1 1 0 12
0 0 0 0 1 1 0 0 0 0 0 1 0 0 0 0 1 0 0 0 10
0 0 0 0 0 0 0 1 0 0 0 0 1 1 0 0 0 0 0 0 13
1 0 0 0 0 0 1 0 0 0 0 0 0 0 0 0 0 0 0 1 12
1 0 1 0 0 0 0 0 0 0 0 0 0 0 0 0 0 0 0 0 11
0 1 0 0 0 0 1 0 0 1 1 0 0 0 0 0 0 0 0 0 10
0 0 0 0 0 0 0 0 0 0 0 0 0 1 0 0 1 0 0 0 8
0 1 0 0 0 0 0 0 0 1 0 0 0 0 1 0 0 0 0 0 6
0 0 0 0 1 0 0 0 0 0 0 1 0 0 0 0 0 0 0 0 3
0 0 0 0 0 1 0 0 0 0 0 1 0 0 0 0 0 0 0 0 2
Tempo Total de Execução: 0.000999ms

0 0 0 1 0 0 0 0 0 0 0 0 0 0 0 0 0 1 1 0 3
0 0 0 0 0 1 0 0 0 0 0 1 0 0 0 0 0 0 0 0 5
0 0 0 0 0 0 0 0 0 0 0 0 0 1 0 0 1 0 0 0 7
0 0 0 0 1 0 0 0 0 0 0 1 0 0 0 0 0 0 0 0 8
0 1 0 0 0 0 0 0 0 1 0 0 0 0 1 0 0 0 0 0 11
0 0 0 0 0 0 0 1 0 0 0 0 1 1 0 0 0 0 0 0 13
0 0 0 0 1 0 0 0 0 0 0 1 0 0 0 0 0 0 0 0 10
0 0 0 0 1 0 0 0 0 0 0 0 0 0 0 0 0 0 0 1 11
0 1 0 0 0 0 1 0 0 1 1 0 0 0 0 0 0 0 0 0 13
1 0 1 0 0 0 0 0 0 0 0 0 0 0 0 0 0 0 0 0 14
1 0 0 1 0 0 0 0 0 0 0 0 0 0 0 0 0 0 0 0 14
1 0 0 0 0 0 1 0 0 0 0 0 0 0 0 0 0 0 0 1 13
0 0 0 0 0 0 0 0 0 0 0 1 0 0 0 1 1 0 0 0 11
0 0 0 0 0 0 0 0 1 1 0 0 0 0 0 0 0 0 1 0 11
0 0 0 0 1 1 0 0 0 0 0 1 0 0 0 0 1 0 0 0 8
0 1 1 0 0 0 0 0 0 0 0 0 0 0 1 0 0 1 0 0 4
Tempo Total de Execução: 0.0ms

0 0 0 1 0 0 0 0 0 0 0 0 0 0 0 0 0 1 1 0 3
0 0 0 0 0 1 0 0 0 0 0 1 0 0 0 0 0 0 0 0 5
0 0 0 0 0 0 0 0 0 0 0 0 0 1 0 0 1 0 0 0 7
0 0 0 0 1 0 0 0 0 0 0 1 0 0 0 0 0 0 0 0 8
0 1 0 0 0 0 0 0 0 1 0 0 0 0 1 0 0 0 0 0 11
0 0 0 0 0 0 0 1 0 0 0 0 1 1 0 0 0 0 0 0 13
0 0 0 0 1 0 0 0 0 0 0 1 0 0 0 0 0 0 0 0 10
0 0 0 0 1 0 0 0 0 0 0 0 0 0 0 0 0 0 0 1 11
0 1 0 0 0 0 1 0 0 1 1 0 0 0 0 0 0 0 0 0 13
1 0 1 0 0 0 0 0 0 0 0 0 0 0 0 0 0 0 0 0 14
1 0 0 1 0 0 0 0 0 0 0 0 0 0 0 0 0 0 0 0 14
1 0 0 0 0 0 1 0 0 0 0 0 0 0 0 0 0 0 0 1 13
0 0 0 0 0 0 0 0 0 0 0 1 0 0 0 1 1 0 0 0 11
0 0 0 0 0 0 0 0 1 1 0 0 0 0 0 0 0 0 1 0 11
0 0 0 0 1 1 0 0 0 0 0 1 0 0 0 0 1 0 0 0 8
0 1 1 0 0 0 0 0 0 0 0 0 0 0 1 0 0 1 0 0 4
Tempo Total de Execução: 0.001ms

0 0 0 1 0 0 0 0 0 0 0 0 0 0 0 0 0 1 1 0 3
0 0 0 0 0 1 0 0 0 0 0 1 0 0 0 0 0 0 0 0 5
0 0 0 0 0 0 0 0 0 0 0 0 0 1 0 0 1 0 0 0 7
0 0 0 0 1 0 0 0 0 0 0 1 0 0 0 0 0 0 0 0 8
0 1 0 0 0 0 0 0 0 1 0 0 0 0 1 0 0 0 0 0 11
0 0 0 0 0 0 0 1 0 0 0 0 1 1 0 0 0 0 0 0 13
0 0 0 0 1 0 0 0 0 0 0 1 0 0 0 0 0 0 0 0 10
0 0 0 0 1 0 0 0 0 0 0 0 0 0 0 0 0 0 0 1 11
0 1 0 0 0 0 1 0 0 1 1 0 0 0 0 0 0 0 0 0 13
1 0 1 0 0 0 0 0 0 0 0 0 0 0 0 0 0 0 0 0 14
1 0 0 1 0 0 0 0 0 0 0 0 0 0 0 0 0 0 0 0 14
1 0 0 0 0 0 1 0 0 0 0 0 0 0 0 0 0 0 0 1 13
0 0 0 0 0 0 0 0 0 0 0 1 0 0 0 1 1 0 0 0 11
0 0 0 0 0 0 0 0 1 1 0 0 0 0 0 0 0 0 1 0 11
0 0 0 0 1 1 0 0 0 0 0 1 0 0 0 0 1 0 0 0 8
0 1 1 0 0 0 0 0 0 0 0 0 0 0 1 0 0 1 0 0 4
Tempo Total de Execução: 0.000999ms

0 0 0 1 0 0 0 0 0 0 0 0 0 0 0 0 0 1 1 0 3
0 0 0 0 0 1 0 0 0 0 0 1 0 0 0 0 0 0 0 0 5
0 0 0 0 0 0 0 0 0 0 0 0 0 1 0 0 1 0 0 0 7
0 0 0 0 1 0 0 0 0 0 0 1 0 0 0 0 0 0 0 0 8
0 1 0 0 0 0 0 0 0 1 0 0 0 0 1 0 0 0 0 0 11
0 0 0 0 0 0 0 1 0 0 0 0 1 1 0 0 0 0 0 0 13
0 0 0 0 1 0 0 0 0 0 0 1 0 0 0 0 0 0 0 0 10
0 0 0 0 1 0 0 0 0 0 0 0 0 0 0 0 0 0 0 1 11
0 1 0 0 0 0 1 0 0 1 1 0 0 0 0 0 0 0 0 0 13
1 0 1 0 0 0 0 0 0 0 0 0 0 0 0 0 0 0 0 0 14
1 0 0 1 0 0 0 0 0 0 0 0 0 0 0 0 0 0 0 0 14
1 0 0 0 0 0 1 0 0 0 0 0 0 0 0 0 0 0 0 1 13
0 0 0 0 0 0 0 0 0 0 0 1 0 0 0 1 1 0 0 0 11
0 0 0 0 0 0 0 0 1 1 0 0 0 0 0 0 0 0 1 0 11
0 0 0 0 1 1 0 0 0 0 0 1 0 0 0 0 1 0 0 0 8
0 1 1 0 0 0 0 0 0 0 0 0 0 0 1 0 0 1 0 0 4
Tempo Total de Execução: 0.00198ms

0 1 0 0 0 0 1 0 0 1 1 0 0 0 0 0 0 0 0 0 4
0 0 0 0 1 0 0 0 0 0 0 1 0 0 0 0 0 0 0 0 5
1 0 0 1 0 0 0 0 0 0 0 0 0 0 0 0 0 0 0 0 7
0 0 0 0 1 0 0 0 0 0 0 1 0 0 0 0 0 0 0 0 7
0 0 0 0 0 0 0 0 0 0 0 1 0 0 0 1 1 0 0 0 9
0 0 0 0 1 1 0 0 0 0 0 1 0 0 0 0 1 0 0 0 9
0 0 0 0 0 0 0 1 0 0 0 0 1 1 0 0 0 0 0 0 12
0 0 0 0 0 0 0 0 1 1 0 0 0 0 0 0 0 0 1 0 12
0 0 0 0 1 0 0 0 0 0 0 0 0 0 0 0 0 0 0 1 12
1 0 0 0 0 0 1 0 0 0 0 0 0 0 0 0 0 0 0 1 11
0 1 0 0 0 0 0 0 0 1 0 0 0 0 1 0 0 0 0 0 10
0 0 0 0 0 1 0 0 0 0 0 1 0 0 0 0 0 0 0 0 9
0 0 0 0 0 0 0 0 0 0 0 0 0 1 0 0 1 0 0 0 7
0 0 0 1 0 0 0 0 0 0 0 0 0 0 0 0 0 1 1 0 6
1 0 1 0 0 0 0 0 0 0 0 0 0 0 0 0 0 0 0 0 5
0 1 1 0 0 0 0 0 0 0 0 0 0 0 1 0 0 1 0 0 4
Tempo Total de Execução: 0.002ms

0 1 0 0 0 0 1 0 0 1 1 0 0 0 0 0 0 0 0 0 4
0 0 0 0 1 0 0 0 0 0 0 1 0 0 0 0 0 0 0 0 5
1 0 0 1 0 0 0 0 0 0 0 0 0 0 0 0 0 0 0 0 7
0 0 0 0 1 0 0 0 0 0 0 1 0 0 0 0 0 0 0 0 7
0 0 0 0 0 0 0 0 0 0 0 1 0 0 0 1 1 0 0 0 9
0 0 0 0 1 1 0 0 0 0 0 1 0 0 0 0 1 0 0 0 9
0 0 0 0 0 0 0 1 0 0 0 0 1 1 0 0 0 0 0 0 12
0 0 0 0 0 0 0 0 1 1 0 0 0 0 0 0 0 0 1 0 12
0 0 0 0 1 0 0 0 0 0 0 0 0 0 0 0 0 0 0 1 12
1 0 0 0 0 0 1 0 0 0 0 0 0 0 0 0 0 0 0 1 11
0 1 0 0 0 0 0 0 0 1 0 0 0 0 1 0 0 0 0 0 10
0 0 0 0 0 1 0 0 0 0 0 1 0 0 0 0 0 0 0 0 9
0 0 0 0 0 0 0 0 0 0 0 0 0 1 0 0 1 0 0 0 7
0 0 0 1 0 0 0 0 0 0 0 0 0 0 0 0 0 1 1 0 6
1 0 1 0 0 0 0 0 0 0 0 0 0 0 0 0 0 0 0 0 5
0 1 1 0 0 0 0 0 0 0 0 0 0 0 1 0 0 1 0 0 4
Tempo Total de Execução: 0.003ms

0 1 1 0 0 0 0 0 0 0 0 0 0 0 1 0 0 1 0 0 4
0 0 0 0 1 0 0 0 0 0 0 0 0 0 0 0 0 0 0 1 6
0 0 0 0 1 0 0 0 0 0 0 1 0 0 0 0 0 0 0 0 7
0 0 0 1 0 0 0 0 0 0 0 0 0 0 0 0 0 1 1 0 9
0 0 0 0 0 0 0 0 1 1 0 0 0 0 0 0 0 0 1 0 10
0 0 0 0 1 0 0 0 0 0 0 1 0 0 0 0 0 0 0 0 8
0 0 0 0 0 0 0 1 0 0 0 0 1 1 0 0 0 0 0 0 11
0 0 0 0 0 0 0 0 0 0 0 1 0 0 0 1 1 0 0 0 11
1 0 0 1 0 0 0 0 0 0 0 0 0 0 0 0 0 0 0 0 11
0 0 0 0 0 1 0 0 0 0 0 1 0 0 0 0 0 0 0 0 11
0 0 0 0 1 1 0 0 0 0 0 1 0 0 0 0 1 0 0 0 11
1 0 0 0 0 0 1 0 0 0 0 0 0 0 0 0 0 0 0 1 9
1 0 1 0 0 0 0 0 0 0 0 0 0 0 0 0 0 0 0 0 8
0 1 0 0 0 0 1 0 0 1 1 0 0 0 0 0 0 0 0 0 7
0 1 0 0 0 0 0 0 0 1 0 0 0 0 1 0 0 0 0 0 5
0 0 0 0 0 0 0 0 0 0 0 0 0 1 0 0 1 0 0 0 2
Tempo Total de Execução: 0.002ms

0 1 0 0 0 0 1 0 0 1 1 0 0 0 0 0 0 0 0 0 4
0 0 0 0 1 0 0 0 0 0 0 1 0 0 0 0 0 0 0 0 5
1 0 0 1 0 0 0 0 0 0 0 0 0 0 0 0 0 0 0 0 7
0 0 0 0 1 0 0 0 0 0 0 1 0 0 0 0 0 0 0 0 7
0 0 0 0 0 0 0 0 0 0 0 1 0 0 0 1 1 0 0 0 9
0 0 0 0 1 1 0 0 0 0 0 1 0 0 0 0 1 0 0 0 9
0 0 0 0 0 0 0 1 0 0 0 0 1 1 0 0 0 0 0 0 12
0 0 0 0 0 0 0 0 1 1 0 0 0 0 0 0 0 0 1 0 12
0 0 0 0 1 0 0 0 0 0 0 0 0 0 0 0 0 0 0 1 12
1 0 0 0 0 0 1 0 0 0 0 0 0 0 0 0 0 0 0 1 11
0 1 0 0 0 0 0 0 0 1 0 0 0 0 1 0 0 0 0 0 10
0 0 0 0 0 1 0 0 0 0 0 1 0 0 0 0 0 0 0 0 9
0 0 0 0 0 0 0 0 0 0 0 0 0 1 0 0 1 0 0 0 7
0 0 0 1 0 0 0 0 0 0 0 0 0 0 0 0 0 1 1 0 6
1 0 1 0 0 0 0 0 0 0 0 0 0 0 0 0 0 0 0 0 5
0 1 1 0 0 0 0 0 0 0 0 0 0 0 1 0 0 1 0 0 4
Tempo Total de Execução: 0.002ms

1 0 1 0 0 0 0 0 0 0 0 0 0 0 0 0 0 0 0 0 2
0 0 0 0 0 1 0 0 0 0 0 1 0 0 0 0 0 0 0 0 4
0 0 0 0 0 0 0 1 0 0 0 0 1 1 0 0 0 0 0 0 7
0 0 0 0 0 0 0 0 1 1 0 0 0 0 0 0 0 0 1 0 8
0 0 0 0 1 0 0 0 0 0 0 1 0 0 0 0 0 0 0 0 8
0 0 0 0 0 0 0 0 0 0 0 0 0 1 0 0 1 0 0 0 9
1 0 0 0 0 0 1 0 0 0 0 0 0 0 0 0 0 0 0 1 10
0 0 0 1 0 0 0 0 0 0 0 0 0 0 0 0 0 1 1 0 12
0 1 1 0 0 0 0 0 0 0 0 0 0 0 1 0 0 1 0 0 13
0 0 0 0 0 0 0 0 0 0 0 1 0 0 0 1 1 0 0 0 12
0 0 0 0 1 1 0 0 0 0 0 1 0 0 0 0 1 0 0 0 11
0 1 0 0 0 0 0 0 0 1 0 0 0 0 1 0 0 0 0 0 9
0 0 0 0 1 0 0 0 0 0 0 1 0 0 0 0 0 0 0 0 8
1 0 0 1 0 0 0 0 0 0 0 0 0 0 0 0 0 0 0 0 7
0 1 0 0 0 0 1 0 0 1 1 0 0 0 0 0 0 0 0 0 6
0 0 0 0 1 0 0 0 0 0 0 0 0 0 0 0 0 0 0 1 2
Tempo Total de Execução: 0.00102ms

0 0 0 0 0 0 0 0 1 1 0 0 0 0 0 0 0 0 1 0 3
1 0 1 0 0 0 0 0 0 0 0 0 0 0 0 0 0 0 0 0 4
0 0 0 0 1 0 0 0 0 0 0 1 0 0 0 0 0 0 0 0 6
0 0 0 0 0 0 0 0 0 0 0 1 0 0 0 1 1 0 0 0 8
0 1 1 0 0 0 0 0 0 0 0 0 0 0 1 0 0 1 0 0 10
0 0 0 0 1 0 0 0 0 0 0 1 0 0 0 0 0 0 0 0 9
0 0 0 1 0 0 0 0 0 0 0 0 0 0 0 0 0 1 1 0 10
1 0 0 1 0 0 0 0 0 0 0 0 0 0 0 0 0 0 0 0 8
0 0 0 0 0 0 0 0 0 0 0 0 0 1 0 0 1 0 0 0 8
0 0 0 0 0 1 0 0 0 0 0 1 0 0 0 0 0 0 0 0 9
0 1 0 0 0 0 1 0 0 1 1 0 0 0 0 0 0 0 0 0 11
0 1 0 0 0 0 0 0 0 1 0 0 0 0 1 0 0 0 0 0 10
1 0 0 0 0 0 1 0 0 0 0 0 0 0 0 0 0 0 0 1 8
0 0 0 0 1 1 0 0 0 0 0 1 0 0 0 0 1 0 0 0 6
0 0 0 0 0 0 0 1 0 0 0 0 1 1 0 0 0 0 0 0 5
0 0 0 0 1 0 0 0 0 0 0 0 0 0 0 0 0 0 0 1 2
Tempo Total de Execução: 0.00198ms

0 0 0 0 1 0 0 0 0 0 0 1 0 0 0 0 0 0 0 0 2
1 0 0 0 0 0 1 0 0 0 0 0 0 0 0 0 0 0 0 1 5
0 1 1 0 0 0 0 0 0 0 0 0 0 0 1 0 0 1 0 0 9
0 0 0 0 0 0 0 0 0 0 0 0 0 1 0 0 1 0 0 0 11
0 0 0 1 0 0 0 0 0 0 0 0 0 0 0 0 0 1 1 0 13
0 1 0 0 0 0 0 0 0 1 0 0 0 0 1 0 0 0 0 0 13
1 0 0 1 0 0 0 0 0 0 0 0 0 0 0 0 0 0 0 0 12
0 0 0 0 0 0 0 1 0 0 0 0 1 1 0 0 0 0 0 0 13
0 0 0 0 0 0 0 0 1 1 0 0 0 0 0 0 0 0 1 0 11
0 1 0 0 0 0 1 0 0 1 1 0 0 0 0 0 0 0 0 0 10
0 0 0 0 0 1 0 0 0 0 0 1 0 0 0 0 0 0 0 0 7
0 0 0 0 1 0 0 0 0 0 0 1 0 0 0 0 0 0 0 0 7
0 0 0 0 1 0 0 0 0 0 0 0 0 0 0 0 0 0 0 1 7
0 0 0 0 1 1 0 0 0 0 0 1 0 0 0 0 1 0 0 0 6
0 0 0 0 0 0 0 0 0 0 0 1 0 0 0 1 1 0 0 0 5
1 0 1 0 0 0 0 0 0 0 0 0 0 0 0 0 0 0 0 0 2
Tempo Total de Execução: 0.003ms

1 0 0 1 0 0 0 0 0 0 0 0 0 0 0 0 0 0 0 0 2
0 0 0 0 1 0 0 0 0 0 0 0 0 0 0 0 0 0 0 1 4
0 0 0 0 0 0 0 0 0 0 0 1 0 0 0 1 1 0 0 0 7
0 0 0 0 1 0 0 0 0 0 0 1 0 0 0 0 0 0 0 0 6
0 1 1 0 0 0 0 0 0 0 0 0 0 0 1 0 0 1 0 0 10
0 0 0 0 0 0 0 0 1 1 0 0 0 0 0 0 0 0 1 0 13
0 0 0 1 0 0 0 0 0 0 0 0 0 0 0 0 0 1 1 0 12
0 0 0 0 1 1 0 0 0 0 0 1 0 0 0 0 1 0 0 0 10
0 0 0 0 0 0 0 1 0 0 0 0 1 1 0 0 0 0 0 0 13
1 0 0 0 0 0 1 0 0 0 0 0 0 0 0 0 0 0 0 1 12
1 0 1 0 0 0 0 0 0 0 0 0 0 0 0 0 0 0 0 0 11
0 1 0 0 0 0 1 0 0 1 1 0 0 0 0 0 0 0 0 0 10
0 0 0 0 0 0 0 0 0 0 0 0 0 1 0 0 1 0 0 0 8
0 1 0 0 0 0 0 0 0 1 0 0 0 0 1 0 0 0 0 0 6
0 0 0 0 1 0 0 0 0 0 0 1 0 0 0 0 0 0 0 0 3
0 0 0 0 0 1 0 0 0 0 0 1 0 0 0 0 0 0 0 0 2
Tempo Total de Execução: 0.00198ms

0 1 0 0 0 0 1 0 0 1 1 0 0 0 0 0 0 0 0 0 4
0 0 0 0 1 0 0 0 0 0 0 1 0 0 0 0 0 0 0 0 5
1 0 0 1 0 0 0 0 0 0 0 0 0 0 0 0 0 0 0 0 7
0 0 0 0 1 0 0 0 0 0 0 1 0 0 0 0 0 0 0 0 7
0 0 0 0 0 0 0 0 0 0 0 1 0 0 0 1 1 0 0 0 9
0 0 0 0 1 1 0 0 0 0 0 1 0 0 0 0 1 0 0 0 9
0 0 0 0 0 0 0 1 0 0 0 0 1 1 0 0 0 0 0 0 12
0 0 0 0 0 0 0 0 1 1 0 0 0 0 0 0 0 0 1 0 12
0 0 0 0 1 0 0 0 0 0 0 0 0 0 0 0 0 0 0 1 12
1 0 0 0 0 0 1 0 0 0 0 0 0 0 0 0 0 0 0 1 11
0 1 0 0 0 0 0 0 0 1 0 0 0 0 1 0 0 0 0 0 10
0 0 0 0 0 1 0 0 0 0 0 1 0 0 0 0 0 0 0 0 9
0 0 0 0 0 0 0 0 0 0 0 0 0 1 0 0 1 0 0 0 7
0 0 0 1 0 0 0 0 0 0 0 0 0 0 0 0 0 1 1 0 6
1 0 1 0 0 0 0 0 0 0 0 0 0 0 0 0 0 0 0 0 5
0 1 1 0 0 0 0 0 0 0 0 0 0 0 1 0 0 1 0 0 4
Tempo Total de Execução: 0.000999ms

0 0 0 0 1 0 0 0 0 0 0 1 0 0 0 0 0 0 0 0 2
0 1 0 0 0 0 1 0 0 1 1 0 0 0 0 0 0 0 0 0 6
0 1 0 0 0 0 0 0 0 1 0 0 0 0 1 0 0 0 0 0 6
0 0 0 0 0 1 0 0 0 0 0 1 0 0 0 0 0 0 0 0 7
1 0 1 0 0 0 0 0 0 0 0 0 0 0 0 0 0 0 0 0 9
0 0 0 0 0 0 0 0 1 1 0 0 0 0 0 0 0 0 1 0 11
0 0 0 0 1 0 0 0 0 0 0 1 0 0 0 0 0 0 0 0 9
1 0 0 0 0 0 1 0 0 0 0 0 0 0 0 0 0 0 0 1 10
0 0 0 1 0 0 0 0 0 0 0 0 0 0 0 0 0 1 1 0 11
0 0 0 0 0 0 0 0 0 0 0 0 0 1 0 0 1 0 0 0 12
0 0 0 0 0 0 0 1 0 0 0 0 1 1 0 0 0 0 0 0 14
0 0 0 0 0 0 0 0 0 0 0 1 0 0 0 1 1 0 0 0 12
0 0 0 0 1 1 0 0 0 0 0 1 0 0 0 0 1 0 0 0 11
1 0 0 1 0 0 0 0 0 0 0 0 0 0 0 0 0 0 0 0 8
0 0 0 0 1 0 0 0 0 0 0 0 0 0 0 0 0 0 0 1 6
0 1 1 0 0 0 0 0 0 0 0 0 0 0 1 0 0 1 0 0 4
Tempo Total de Execução: 0.002ms

0 0 0 0 0 0 0 0 1 1 0 0 0 0 0 0 0 0 1 0 3
1 0 1 0 0 0 0 0 0 0 0 0 0 0 0 0 0 0 0 0 4
0 0 0 0 1 0 0 0 0 0 0 1 0 0 0 0 0 0 0 0 6
0 0 0 0 0 0 0 0 0 0 0 1 0 0 0 1 1 0 0 0 8
0 1 1 0 0 0 0 0 0 0 0 0 0 0 1 0 0 1 0 0 10
0 0 0 0 1 0 0 0 0 0 0 1 0 0 0 0 0 0 0 0 9
0 0 0 1 0 0 0 0 0 0 0 0 0 0 0 0 0 1 1 0 10
1 0 0 1 0 0 0 0 0 0 0 0 0 0 0 0 0 0 0 0 8
0 0 0 0 0 0 0 0 0 0 0 0 0 1 0 0 1 0 0 0 8
0 0 0 0 0 1 0 0 0 0 0 1 0 0 0 0 0 0 0 0 9
0 1 0 0 0 0 1 0 0 1 1 0 0 0 0 0 0 0 0 0 11
0 1 0 0 0 0 0 0 0 1 0 0 0 0 1 0 0 0 0 0 10
1 0 0 0 0 0 1 0 0 0 0 0 0 0 0 0 0 0 0 1 8
0 0 0 0 1 1 0 0 0 0 0 1 0 0 0 0 1 0 0 0 6
0 0 0 0 0 0 0 1 0 0 0 0 1 1 0 0 0 0 0 0 5
0 0 0 0 1 0 0 0 0 0 0 0 0 0 0 0 0 0 0 1 2
Tempo Total de Execução: 0.001ms

0 0 0 0 1 0 0 0 0 0 0 1 0 0 0 0 0 0 0 0 2
1 0 0 0 0 0 1 0 0 0 0 0 0 0 0 0 0 0 0 1 5
0 1 1 0 0 0 0 0 0 0 0 0 0 0 1 0 0 1 0 0 9
0 0 0 0 0 0 0 0 0 0 0 0 0 1 0 0 1 0 0 0 11
0 0 0 1 0 0 0 0 0 0 0 0 0 0 0 0 0 1 1 0 13
0 1 0 0 0 0 0 0 0 1 0 0 0 0 1 0 0 0 0 0 13
1 0 0 1 0 0 0 0 0 0 0 0 0 0 0 0 0 0 0 0 12
0 0 0 0 0 0 0 1 0 0 0 0 1 1 0 0 0 0 0 0 13
0 0 0 0 0 0 0 0 1 1 0 0 0 0 0 0 0 0 1 0 11
0 1 0 0 0 0 1 0 0 1 1 0 0 0 0 0 0 0 0 0 10
0 0 0 0 0 1 0 0 0 0 0 1 0 0 0 0 0 0 0 0 7
0 0 0 0 1 0 0 0 0 0 0 1 0 0 0 0 0 0 0 0 7
0 0 0 0 1 0 0 0 0 0 0 0 0 0 0 0 0 0 0 1 7
0 0 0 0 1 1 0 0 0 0 0 1 0 0 0 0 1 0 0 0 6
0 0 0 0 0 0 0 0 0 0 0 1 0 0 0 1 1 0 0 0 5
1 0 1 0 0 0 0 0 0 0 0 0 0 0 0 0 0 0 0 0 2
Tempo Total de Execução: 0.002ms

0 0 0 0 1 1 0 0 0 0 0 1 0 0 0 0 1 0 0 0 4
0 1 1 0 0 0 0 0 0 0 0 0 0 0 1 0 0 1 0 0 8
0 0 0 0 1 0 0 0 0 0 0 0 0 0 0 0 0 0 0 1 9
0 0 0 0 0 0 0 0 0 0 0 0 0 1 0 0 1 0 0 0 10
0 0 0 0 1 0 0 0 0 0 0 1 0 0 0 0 0 0 0 0 10
0 0 0 0 0 0 0 0 0 0 0 1 0 0 0 1 1 0 0 0 11
0 0 0 0 0 0 0 0 1 1 0 0 0 0 0 0 0 0 1 0 12
0 0 0 1 0 0 0 0 0 0 0 0 0 0 0 0 0 1 1 0 12
0 0 0 0 0 1 0 0 0 0 0 1 0 0 0 0 0 0 0 0 10
1 0 0 1 0 0 0 0 0 0 0 0 0 0 0 0 0 0 0 0 10
0 0 0 0 0 0 0 1 0 0 0 0 1 1 0 0 0 0 0 0 11
1 0 1 0 0 0 0 0 0 0 0 0 0 0 0 0 0 0 0 0 8
0 0 0 0 1 0 0 0 0 0 0 1 0 0 0 0 0 0 0 0 7
1 0 0 0 0 0 1 0 0 0 0 0 0 0 0 0 0 0 0 1 6
0 1 0 0 0 0 0 0 0 1 0 0 0 0 1 0 0 0 0 0 4
0 1 0 0 0 0 1 0 0 1 1 0 0 0 0 0 0 0 0 0 4
Tempo Total de Execução: 0.002ms

0 1 0 0 0 0 1 0 0 1 1 0 0 0 0 0 0 0 0 0 4
0 0 0 0 1 0 0 0 0 0 0 1 0 0 0 0 0 0 0 0 5
1 0 0 1 0 0 0 0 0 0 0 0 0 0 0 0 0 0 0 0 7
0 0 0 0 1 0 0 0 0 0 0 1 0 0 0 0 0 0 0 0 7
0 0 0 0 0 0 0 0 0 0 0 1 0 0 0 1 1 0 0 0 9
0 0 0 0 1 1 0 0 0 0 0 1 0 0 0 0 1 0 0 0 9
0 0 0 0 0 0 0 1 0 0 0 0 1 1 0 0 0 0 0 0 12
0 0 0 0 0 0 0 0 1 1 0 0 0 0 0 0 0 0 1 0 12
0 0 0 0 1 0 0 0 0 0 0 0 0 0 0 0 0 0 0 1 12
1 0 0 0 0 0 1 0 0 0 0 0 0 0 0 0 0 0 0 1 11
0 1 0 0 0 0 0 0 0 1 0 0 0 0 1 0 0 0 0 0 10
0 0 0 0 0 1 0 0 0 0 0 1 0 0 0 0 0 0 0 0 9
0 0 0 0 0 0 0 0 0 0 0 0 0 1 0 0 1 0 0 0 7
0 0 0 1 0 0 0 0 0 0 0 0 0 0 0 0 0 1 1 0 6
1 0 1 0 0 0 0 0 0 0 0 0 0 0 0 0 0 0 0 0 5
0 1 1 0 0 0 0 0 0 0 0 0 0 0 1 0 0 1 0 0 4
Tempo Total de Execução: 0.000998ms

0 0 0 0 1 0 0 0 0 0 0 1 0 0 0 0 0 0 0 0 2
0 1 0 0 0 0 1 0 0 1 1 0 0 0 0 0 0 0 0 0 6
0 1 0 0 0 0 0 0 0 1 0 0 0 0 1 0 0 0 0 0 6
0 0 0 0 0 1 0 0 0 0 0 1 0 0 0 0 0 0 0 0 7
1 0 1 0 0 0 0 0 0 0 0 0 0 0 0 0 0 0 0 0 9
0 0 0 0 0 0 0 0 1 1 0 0 0 0 0 0 0 0 1 0 11
0 0 0 0 1 0 0 0 0 0 0 1 0 0 0 0 0 0 0 0 9
1 0 0 0 0 0 1 0 0 0 0 0 0 0 0 0 0 0 0 1 10
0 0 0 1 0 0 0 0 0 0 0 0 0 0 0 0 0 1 1 0 11
0 0 0 0 0 0 0 0 0 0 0 0 0 1 0 0 1 0 0 0 12
0 0 0 0 0 0 0 1 0 0 0 0 1 1 0 0 0 0 0 0 14
0 0 0 0 0 0 0 0 0 0 0 1 0 0 0 1 1 0 0 0 12
0 0 0 0 1 1 0 0 0 0 0 1 0 0 0 0 1 0 0 0 11
1 0 0 1 0 0 0 0 0 0 0 0 0 0 0 0 0 0 0 0 8
0 0 0 0 1 0 0 0 0 0 0 0 0 0 0 0 0 0 0 1 6
0 1 1 0 0 0 0 0 0 0 0 0 0 0 1 0 0 1 0 0 4
Tempo Total de Execução: 0.001ms

0 0 0 0 0 0 0 0 1 1 0 0 0 0 0 0 0 0 1 0 3
1 0 1 0 0 0 0 0 0 0 0 0 0 0 0 0 0 0 0 0 4
0 0 0 0 1 0 0 0 0 0 0 1 0 0 0 0 0 0 0 0 6
0 0 0 0 0 0 0 0 0 0 0 1 0 0 0 1 1 0 0 0 8
0 1 1 0 0 0 0 0 0 0 0 0 0 0 1 0 0 1 0 0 10
0 0 0 0 1 0 0 0 0 0 0 1 0 0 0 0 0 0 0 0 9
0 0 0 1 0 0 0 0 0 0 0 0 0 0 0 0 0 1 1 0 10
1 0 0 1 0 0 0 0 0 0 0 0 0 0 0 0 0 0 0 0 8
0 0 0 0 0 0 0 0 0 0 0 0 0 1 0 0 1 0 0 0 8
0 0 0 0 0 1 0 0 0 0 0 1 0 0 0 0 0 0 0 0 9
0 1 0 0 0 0 1 0 0 1 1 0 0 0 0 0 0 0 0 0 11
0 1 0 0 0 0 0 0 0 1 0 0 0 0 1 0 0 0 0 0 10
1 0 0 0 0 0 1 0 0 0 0 0 0 0 0 0 0 0 0 1 8
0 0 0 0 1 1 0 0 0 0 0 1 0 0 0 0 1 0 0 0 6
0 0 0 0 0 0 0 1 0 0 0 0 1 1 0 0 0 0 0 0 5
0 0 0 0 1 0 0 0 0 0 0 0 0 0 0 0 0 0 0 1 2
Tempo Total de Execução: 0.001ms

0 0 0 0 1 0 0 0 0 0 0 1 0 0 0 0 0 0 0 0 2
1 0 0 0 0 0 1 0 0 0 0 0 0 0 0 0 0 0 0 1 5
0 1 1 0 0 0 0 0 0 0 0 0 0 0 1 0 0 1 0 0 9
0 0 0 0 0 0 0 0 0 0 0 0 0 1 0 0 1 0 0 0 11
0 0 0 1 0 0 0 0 0 0 0 0 0 0 0 0 0 1 1 0 13
0 1 0 0 0 0 0 0 0 1 0 0 0 0 1 0 0 0 0 0 13
1 0 0 1 0 0 0 0 0 0 0 0 0 0 0 0 0 0 0 0 12
0 0 0 0 0 0 0 1 0 0 0 0 1 1 0 0 0 0 0 0 13
0 0 0 0 0 0 0 0 1 1 0 0 0 0 0 0 0 0 1 0 11
0 1 0 0 0 0 1 0 0 1 1 0 0 0 0 0 0 0 0 0 10
0 0 0 0 0 1 0 0 0 0 0 1 0 0 0 0 0 0 0 0 7
0 0 0 0 1 0 0 0 0 0 0 1 0 0 0 0 0 0 0 0 7
0 0 0 0 1 0 0 0 0 0 0 0 0 0 0 0 0 0 0 1 7
0 0 0 0 1 1 0 0 0 0 0 1 0 0 0 0 1 0 0 0 6
0 0 0 0 0 0 0 0 0 0 0 1 0 0 0 1 1 0 0 0 5
1 0 1 0 0 0 0 0 0 0 0 0 0 0 0 0 0 0 0 0 2
Tempo Total de Execução: 0.002ms

0 0 0 0 1 1 0 0 0 0 0 1 0 0 0 0 1 0 0 0 4
0 1 1 0 0 0 0 0 0 0 0 0 0 0 1 0 0 1 0 0 8
0 0 0 0 1 0 0 0 0 0 0 0 0 0 0 0 0 0 0 1 9
0 0 0 0 0 0 0 0 0 0 0 0 0 1 0 0 1 0 0 0 10
0 0 0 0 1 0 0 0 0 0 0 1 0 0 0 0 0 0 0 0 10
0 0 0 0 0 0 0 0 0 0 0 1 0 0 0 1 1 0 0 0 11
0 0 0 0 0 0 0 0 1 1 0 0 0 0 0 0 0 0 1 0 12
0 0 0 1 0 0 0 0 0 0 0 0 0 0 0 0 0 1 1 0 12
0 0 0 0 0 1 0 0 0 0 0 1 0 0 0 0 0 0 0 0 10
1 0 0 1 0 0 0 0 0 0 0 0 0 0 0 0 0 0 0 0 10
0 0 0 0 0 0 0 1 0 0 0 0 1 1 0 0 0 0 0 0 11
1 0 1 0 0 0 0 0 0 0 0 0 0 0 0 0 0 0 0 0 8
0 0 0 0 1 0 0 0 0 0 0 1 0 0 0 0 0 0 0 0 7
1 0 0 0 0 0 1 0 0 0 0 0 0 0 0 0 0 0 0 1 6
0 1 0 0 0 0 0 0 0 1 0 0 0 0 1 0 0 0 0 0 4
0 1 0 0 0 0 1 0 0 1 1 0 0 0 0 0 0 0 0 0 4
Tempo Total de Execução: 0.003ms

0 1 0 0 0 0 1 0 0 1 1 0 0 0 0 0 0 0 0 0 4
0 0 0 0 1 0 0 0 0 0 0 1 0 0 0 0 0 0 0 0 5
1 0 0 1 0 0 0 0 0 0 0 0 0 0 0 0 0 0 0 0 7
0 0 0 0 1 0 0 0 0 0 0 1 0 0 0 0 0 0 0 0 7
0 0 0 0 0 0 0 0 0 0 0 1 0 0 0 1 1 0 0 0 9
0 0 0 0 1 1 0 0 0 0 0 1 0 0 0 0 1 0 0 0 9
0 0 0 0 0 0 0 1 0 0 0 0 1 1 0 0 0 0 0 0 12
0 0 0 0 0 0 0 0 1 1 0 0 0 0 0 0 0 0 1 0 12
0 0 0 0 1 0 0 0 0 0 0 0 0 0 0 0 0 0 0 1 12
1 0 0 0 0 0 1 0 0 0 0 0 0 0 0 0 0 0 0 1 11
0 1 0 0 0 0 0 0 0 1 0 0 0 0 1 0 0 0 0 0 10
0 0 0 0 0 1 0 0 0 0 0 1 0 0 0 0 0 0 0 0 9
0 0 0 0 0 0 0 0 0 0 0 0 0 1 0 0 1 0 0 0 7
0 0 0 1 0 0 0 0 0 0 0 0 0 0 0 0 0 1 1 0 6
1 0 1 0 0 0 0 0 0 0 0 0 0 0 0 0 0 0 0 0 5
0 1 1 0 0 0 0 0 0 0 0 0 0 0 1 0 0 1 0 0 4
Tempo Total de Execução: 0.004ms

0 1 0 0 0 0 1 0 0 1 1 0 0 0 0 0 0 0 0 0 4
0 0 0 0 1 0 0 0 0 0 0 1 0 0 0 0 0 0 0 0 5
1 0 0 1 0 0 0 0 0 0 0 0 0 0 0 0 0 0 0 0 7
0 0 0 0 1 0 0 0 0 0 0 1 0 0 0 0 0 0 0 0 7
0 0 0 0 0 0 0 0 0 0 0 1 0 0 0 1 1 0 0 0 9
0 0 0 0 1 1 0 0 0 0 0 1 0 0 0 0 1 0 0 0 9
0 0 0 0 0 0 0 1 0 0 0 0 1 1 0 0 0 0 0 0 12
0 0 0 0 0 0 0 0 1 1 0 0 0 0 0 0 0 0 1 0 12
0 0 0 0 1 0 0 0 0 0 0 0 0 0 0 0 0 0 0 1 12
1 0 0 0 0 0 1 0 0 0 0 0 0 0 0 0 0 0 0 1 11
0 1 0 0 0 0 0 0 0 1 0 0 0 0 1 0 0 0 0 0 10
0 0 0 0 0 1 0 0 0 0 0 1 0 0 0 0 0 0 0 0 9
0 0 0 0 0 0 0 0 0 0 0 0 0 1 0 0 1 0 0 0 7
0 0 0 1 0 0 0 0 0 0 0 0 0 0 0 0 0 1 1 0 6
1 0 1 0 0 0 0 0 0 0 0 0 0 0 0 0 0 0 0 0 5
0 1 1 0 0 0 0 0 0 0 0 0 0 0 1 0 0 1 0 0 4
Tempo Total de Execução: 0.002ms

0 0 0 1 0 0 0 0 0 0 0 0 0 0 0 0 0 1 1 0 3
0 0 0 0 0 1 0 0 0 0 0 1 0 0 0 0 0 0 0 0 5
0 0 0 0 0 0 0 0 0 0 0 0 0 1 0 0 1 0 0 0 7
0 0 0 0 1 0 0 0 0 0 0 1 0 0 0 0 0 0 0 0 8
0 1 0 0 0 0 0 0 0 1 0 0 0 0 1 0 0 0 0 0 11
0 0 0 0 0 0 0 1 0 0 0 0 1 1 0 0 0 0 0 0 13
0 0 0 0 1 0 0 0 0 0 0 1 0 0 0 0 0 0 0 0 10
0 0 0 0 1 0 0 0 0 0 0 0 0 0 0 0 0 0 0 1 11
0 1 0 0 0 0 1 0 0 1 1 0 0 0 0 0 0 0 0 0 13
1 0 1 0 0 0 0 0 0 0 0 0 0 0 0 0 0 0 0 0 14
1 0 0 1 0 0 0 0 0 0 0 0 0 0 0 0 0 0 0 0 14
1 0 0 0 0 0 1 0 0 0 0 0 0 0 0 0 0 0 0 1 13
0 0 0 0 0 0 0 0 0 0 0 1 0 0 0 1 1 0 0 0 11
0 0 0 0 0 0 0 0 1 1 0 0 0 0 0 0 0 0 1 0 11
0 0 0 0 1 1 0 0 0 0 0 1 0 0 0 0 1 0 0 0 8
0 1 1 0 0 0 0 0 0 0 0 0 0 0 1 0 0 1 0 0 4
Tempo Total de Execução: 0.0ms

0 0 0 1 0 0 0 0 0 0 0 0 0 0 0 0 0 1 1 0 3
0 0 0 0 0 1 0 0 0 0 0 1 0 0 0 0 0 0 0 0 5
0 0 0 0 0 0 0 0 0 0 0 0 0 1 0 0 1 0 0 0 7
0 0 0 0 1 0 0 0 0 0 0 1 0 0 0 0 0 0 0 0 8
0 1 0 0 0 0 0 0 0 1 0 0 0 0 1 0 0 0 0 0 11
0 0 0 0 0 0 0 1 0 0 0 0 1 1 0 0 0 0 0 0 13
0 0 0 0 1 0 0 0 0 0 0 1 0 0 0 0 0 0 0 0 10
0 0 0 0 1 0 0 0 0 0 0 0 0 0 0 0 0 0 0 1 11
0 1 0 0 0 0 1 0 0 1 1 0 0 0 0 0 0 0 0 0 13
1 0 1 0 0 0 0 0 0 0 0 0 0 0 0 0 0 0 0 0 14
1 0 0 1 0 0 0 0 0 0 0 0 0 0 0 0 0 0 0 0 14
1 0 0 0 0 0 1 0 0 0 0 0 0 0 0 0 0 0 0 1 13
0 0 0 0 0 0 0 0 0 0 0 1 0 0 0 1 1 0 0 0 11
0 0 0 0 0 0 0 0 1 1 0 0 0 0 0 0 0 0 1 0 11
0 0 0 0 1 1 0 0 0 0 0 1 0 0 0 0 1 0 0 0 8
0 1 1 0 0 0 0 0 0 0 0 0 0 0 1 0 0 1 0 0 4
Tempo Total de Execução: 0.0ms

0 1 0 0 0 0 1 0 0 1 1 0 0 0 0 0 0 0 0 0 4
0 0 0 0 1 0 0 0 0 0 0 1 0 0 0 0 0 0 0 0 5
1 0 0 1 0 0 0 0 0 0 0 0 0 0 0 0 0 0 0 0 7
0 0 0 0 1 0 0 0 0 0 0 1 0 0 0 0 0 0 0 0 7
0 0 0 0 0 0 0 0 0 0 0 1 0 0 0 1 1 0 0 0 9
0 0 0 0 1 1 0 0 0 0 0 1 0 0 0 0 1 0 0 0 9
0 0 0 0 0 0 0 1 0 0 0 0 1 1 0 0 0 0 0 0 12
0 0 0 0 0 0 0 0 1 1 0 0 0 0 0 0 0 0 1 0 12
0 0 0 0 1 0 0 0 0 0 0 0 0 0 0 0 0 0 0 1 12
1 0 0 0 0 0 1 0 0 0 0 0 0 0 0 0 0 0 0 1 11
0 1 0 0 0 0 0 0 0 1 0 0 0 0 1 0 0 0 0 0 10
0 0 0 0 0 1 0 0 0 0 0 1 0 0 0 0 0 0 0 0 9
0 0 0 0 0 0 0 0 0 0 0 0 0 1 0 0 1 0 0 0 7
0 0 0 1 0 0 0 0 0 0 0 0 0 0 0 0 0 1 1 0 6
1 0 1 0 0 0 0 0 0 0 0 0 0 0 0 0 0 0 0 0 5
0 1 1 0 0 0 0 0 0 0 0 0 0 0 1 0 0 1 0 0 4
Tempo Total de Execução: 0.000999ms

0 1 0 0 0 0 1 0 0 1 1 0 0 0 0 0 0 0 0 0 4
0 0 0 0 1 0 0 0 0 0 0 1 0 0 0 0 0 0 0 0 5
1 0 0 1 0 0 0 0 0 0 0 0 0 0 0 0 0 0 0 0 7
0 0 0 0 1 0 0 0 0 0 0 1 0 0 0 0 0 0 0 0 7
0 0 0 0 0 0 0 0 0 0 0 1 0 0 0 1 1 0 0 0 9
0 0 0 0 1 1 0 0 0 0 0 1 0 0 0 0 1 0 0 0 9
0 0 0 0 0 0 0 1 0 0 0 0 1 1 0 0 0 0 0 0 12
0 0 0 0 0 0 0 0 1 1 0 0 0 0 0 0 0 0 1 0 12
0 0 0 0 1 0 0 0 0 0 0 0 0 0 0 0 0 0 0 1 12
1 0 0 0 0 0 1 0 0 0 0 0 0 0 0 0 0 0 0 1 11
0 1 0 0 0 0 0 0 0 1 0 0 0 0 1 0 0 0 0 0 10
0 0 0 0 0 1 0 0 0 0 0 1 0 0 0 0 0 0 0 0 9
0 0 0 0 0 0 0 0 0 0 0 0 0 1 0 0 1 0 0 0 7
0 0 0 1 0 0 0 0 0 0 0 0 0 0 0 0 0 1 1 0 6
1 0 1 0 0 0 0 0 0 0 0 0 0 0 0 0 0 0 0 0 5
0 1 1 0 0 0 0 0 0 0 0 0 0 0 1 0 0 1 0 0 4
Tempo Total de Execução: 0.002ms

0 0 0 1 0 0 0 0 0 0 0 0 0 0 0 0 0 1 1 0 3
0 0 0 0 0 1 0 0 0 0 0 1 0 0 0 0 0 0 0 0 5
0 0 0 0 0 0 0 0 0 0 0 0 0 1 0 0 1 0 0 0 7
0 0 0 0 1 0 0 0 0 0 0 1 0 0 0 0 0 0 0 0 8
0 1 0 0 0 0 0 0 0 1 0 0 0 0 1 0 0 0 0 0 11
0 0 0 0 0 0 0 1 0 0 0 0 1 1 0 0 0 0 0 0 13
0 0 0 0 1 0 0 0 0 0 0 1 0 0 0 0 0 0 0 0 10
0 0 0 0 1 0 0 0 0 0 0 0 0 0 0 0 0 0 0 1 11
0 1 0 0 0 0 1 0 0 1 1 0 0 0 0 0 0 0 0 0 13
1 0 1 0 0 0 0 0 0 0 0 0 0 0 0 0 0 0 0 0 14
1 0 0 1 0 0 0 0 0 0 0 0 0 0 0 0 0 0 0 0 14
1 0 0 0 0 0 1 0 0 0 0 0 0 0 0 0 0 0 0 1 13
0 0 0 0 0 0 0 0 0 0 0 1 0 0 0 1 1 0 0 0 11
0 0 0 0 0 0 0 0 1 1 0 0 0 0 0 0 0 0 1 0 11
0 0 0 0 1 1 0 0 0 0 0 1 0 0 0 0 1 0 0 0 8
0 1 1 0 0 0 0 0 0 0 0 0 0 0 1 0 0 1 0 0 4
Tempo Total de Execução: 0.00399ms

0 1 0 0 0 0 1 0 0 1 1 0 0 0 0 0 0 0 0 0 4
0 0 0 0 1 0 0 0 0 0 0 1 0 0 0 0 0 0 0 0 5
1 0 0 1 0 0 0 0 0 0 0 0 0 0 0 0 0 0 0 0 7
0 0 0 0 1 0 0 0 0 0 0 1 0 0 0 0 0 0 0 0 7
0 0 0 0 0 0 0 0 0 0 0 1 0 0 0 1 1 0 0 0 9
0 0 0 0 1 1 0 0 0 0 0 1 0 0 0 0 1 0 0 0 9
0 0 0 0 0 0 0 1 0 0 0 0 1 1 0 0 0 0 0 0 12
0 0 0 0 0 0 0 0 1 1 0 0 0 0 0 0 0 0 1 0 12
0 0 0 0 1 0 0 0 0 0 0 0 0 0 0 0 0 0 0 1 12
1 0 0 0 0 0 1 0 0 0 0 0 0 0 0 0 0 0 0 1 11
0 1 0 0 0 0 0 0 0 1 0 0 0 0 1 0 0 0 0 0 10
0 0 0 0 0 1 0 0 0 0 0 1 0 0 0 0 0 0 0 0 9
0 0 0 0 0 0 0 0 0 0 0 0 0 1 0 0 1 0 0 0 7
0 0 0 1 0 0 0 0 0 0 0 0 0 0 0 0 0 1 1 0 6
1 0 1 0 0 0 0 0 0 0 0 0 0 0 0 0 0 0 0 0 5
0 1 1 0 0 0 0 0 0 0 0 0 0 0 1 0 0 1 0 0 4
Tempo Total de Execução: 0.00202ms

0 0 0 0 1 0 0 0 0 0 0 1 0 0 0 0 0 0 0 0 2
0 1 1 0 0 0 0 0 0 0 0 0 0 0 1 0 0 1 0 0 6
0 0 0 0 0 0 0 1 0 0 0 0 1 1 0 0 0 0 0 0 9
0 0 0 0 0 0 0 0 0 0 0 0 0 1 0 0 1 0 0 0 8
0 1 0 0 0 0 0 0 0 1 0 0 0 0 1 0 0 0 0 0 8
0 0 0 0 0 0 0 0 0 0 0 1 0 0 0 1 1 0 0 0 8
0 0 0 0 0 1 0 0 0 0 0 1 0 0 0 0 0 0 0 0 8
0 0 0 0 1 0 0 0 0 0 0 0 0 0 0 0 0 0 0 1 9
0 0 0 0 1 1 0 0 0 0 0 1 0 0 0 0 1 0 0 0 9
0 0 0 0 1 0 0 0 0 0 0 1 0 0 0 0 0 0 0 0 7
0 0 0 0 0 0 0 0 1 1 0 0 0 0 0 0 0 0 1 0 7
1 0 0 1 0 0 0 0 0 0 0 0 0 0 0 0 0 0 0 0 8
1 0 0 0 0 0 1 0 0 0 0 0 0 0 0 0 0 0 0 1 9
0 0 0 1 0 0 0 0 0 0 0 0 0 0 0 0 0 1 1 0 8
0 1 0 0 0 0 1 0 0 1 1 0 0 0 0 0 0 0 0 0 6
1 0 1 0 0 0 0 0 0 0 0 0 0 0 0 0 0 0 0 0 2
Tempo Total de Execução: 0.000999ms

0 0 0 0 0 1 0 0 0 0 0 1 0 0 0 0 0 0 0 0 2
0 0 0 0 0 0 0 0 1 1 0 0 0 0 0 0 0 0 1 0 5
1 0 0 1 0 0 0 0 0 0 0 0 0 0 0 0 0 0 0 0 6
1 0 0 0 0 0 1 0 0 0 0 0 0 0 0 0 0 0 0 1 8
0 1 1 0 0 0 0 0 0 0 0 0 0 0 1 0 0 1 0 0 12
0 0 0 0 1 0 0 0 0 0 0 1 0 0 0 0 0 0 0 0 13
0 0 0 1 0 0 0 0 0 0 0 0 0 0 0 0 0 1 1 0 13
0 1 0 0 0 0 0 0 0 1 0 0 0 0 1 0 0 0 0 0 10
0 0 0 0 0 0 0 0 0 0 0 0 0 1 0 0 1 0 0 0 11
0 0 0 0 1 1 0 0 0 0 0 1 0 0 0 0 1 0 0 0 11
0 0 0 0 0 0 0 1 0 0 0 0 1 1 0 0 0 0 0 0 12
0 0 0 0 1 0 0 0 0 0 0 0 0 0 0 0 0 0 0 1 9
0 0 0 0 0 0 0 0 0 0 0 1 0 0 0 1 1 0 0 0 9
0 0 0 0 1 0 0 0 0 0 0 1 0 0 0 0 0 0 0 0 7
0 1 0 0 0 0 1 0 0 1 1 0 0 0 0 0 0 0 0 0 6
1 0 1 0 0 0 0 0 0 0 0 0 0 0 0 0 0 0 0 0 2
Tempo Total de Execução: 0.002ms

1 0 0 1 0 0 0 0 0 0 0 0 0 0 0 0 0 0 0 0 2
0 0 0 0 0 0 0 0 1 1 0 0 0 0 0 0 0 0 1 0 5
0 0 0 1 0 0 0 0 0 0 0 0 0 0 0 0 0 1 1 0 5
0 0 0 0 0 0 0 0 0 0 0 1 0 0 0 1 1 0 0 0 6
0 0 0 0 1 0 0 0 0 0 0 1 0 0 0 0 0 0 0 0 6
0 0 0 0 0 0 0 1 0 0 0 0 1 1 0 0 0 0 0 0 9
1 0 0 0 0 0 1 0 0 0 0 0 0 0 0 0 0 0 0 1 9
0 0 0 0 1 0 0 0 0 0 0 1 0 0 0 0 0 0 0 0 9
0 0 0 0 0 1 0 0 0 0 0 1 0 0 0 0 0 0 0 0 10
0 1 1 0 0 0 0 0 0 0 0 0 0 0 1 0 0 1 0 0 13
1 0 1 0 0 0 0 0 0 0 0 0 0 0 0 0 0 0 0 0 12
0 0 0 0 0 0 0 0 0 0 0 0 0 1 0 0 1 0 0 0 10
0 1 0 0 0 0 1 0 0 1 1 0 0 0 0 0 0 0 0 0 10
0 1 0 0 0 0 0 0 0 1 0 0 0 0 1 0 0 0 0 0 8
0 0 0 0 1 1 0 0 0 0 0 1 0 0 0 0 1 0 0 0 5
0 0 0 0 1 0 0 0 0 0 0 0 0 0 0 0 0 0 0 1 2
Tempo Total de Execução: 0.001ms

0 0 0 0 1 0 0 0 0 0 0 1 0 0 0 0 0 0 0 0 2
0 0 0 0 0 0 0 0 0 0 0 1 0 0 0 1 1 0 0 0 4
0 1 0 0 0 0 1 0 0 1 1 0 0 0 0 0 0 0 0 0 7
0 0 0 1 0 0 0 0 0 0 0 0 0 0 0 0 0 1 1 0 9
0 0 0 0 1 0 0 0 0 0 0 0 0 0 0 0 0 0 0 1 10
0 1 0 0 0 0 0 0 0 1 0 0 0 0 1 0 0 0 0 0 11
0 0 0 0 0 1 0 0 0 0 0 1 0 0 0 0 0 0 0 0 12
1 0 0 1 0 0 0 0 0 0 0 0 0 0 0 0 0 0 0 0 13
0 0 0 0 1 0 0 0 0 0 0 1 0 0 0 0 0 0 0 0 12
0 0 0 0 0 0 0 0 1 1 0 0 0 0 0 0 0 0 1 0 13
1 0 1 0 0 0 0 0 0 0 0 0 0 0 0 0 0 0 0 0 11
1 0 0 0 0 0 1 0 0 0 0 0 0 0 0 0 0 0 0 1 11
0 0 0 0 1 1 0 0 0 0 0 1 0 0 0 0 1 0 0 0 8
0 0 0 0 0 0 0 0 0 0 0 0 0 1 0 0 1 0 0 0 6
0 1 1 0 0 0 0 0 0 0 0 0 0 0 1 0 0 1 0 0 5
0 0 0 0 0 0 0 1 0 0 0 0 1 1 0 0 0 0 0 0 3
Tempo Total de Execução: 0.002ms

0 1 0 0 0 0 1 0 0 1 1 0 0 0 0 0 0 0 0 0 4
0 0 0 0 1 0 0 0 0 0 0 1 0 0 0 0 0 0 0 0 5
1 0 0 1 0 0 0 0 0 0 0 0 0 0 0 0 0 0 0 0 7
0 0 0 0 1 0 0 0 0 0 0 1 0 0 0 0 0 0 0 0 7
0 0 0 0 0 0 0 0 0 0 0 1 0 0 0 1 1 0 0 0 9
0 0 0 0 1 1 0 0 0 0 0 1 0 0 0 0 1 0 0 0 9
0 0 0 0 0 0 0 1 0 0 0 0 1 1 0 0 0 0 0 0 12
0 0 0 0 0 0 0 0 1 1 0 0 0 0 0 0 0 0 1 0 12
0 0 0 0 1 0 0 0 0 0 0 0 0 0 0 0 0 0 0 1 12
1 0 0 0 0 0 1 0 0 0 0 0 0 0 0 0 0 0 0 1 11
0 1 0 0 0 0 0 0 0 1 0 0 0 0 1 0 0 0 0 0 10
0 0 0 0 0 1 0 0 0 0 0 1 0 0 0 0 0 0 0 0 9
0 0 0 0 0 0 0 0 0 0 0 0 0 1 0 0 1 0 0 0 7
0 0 0 1 0 0 0 0 0 0 0 0 0 0 0 0 0 1 1 0 6
1 0 1 0 0 0 0 0 0 0 0 0 0 0 0 0 0 0 0 0 5
0 1 1 0 0 0 0 0 0 0 0 0 0 0 1 0 0 1 0 0 4
Tempo Total de Execução: 0.00202ms

0 1 0 0 0 0 1 0 0 1 1 0 0 0 0 0 0 0 0 0 4
0 0 0 0 1 0 0 0 0 0 0 1 0 0 0 0 0 0 0 0 5
1 0 0 1 0 0 0 0 0 0 0 0 0 0 0 0 0 0 0 0 7
0 0 0 0 1 0 0 0 0 0 0 1 0 0 0 0 0 0 0 0 7
0 0 0 0 0 0 0 0 0 0 0 1 0 0 0 1 1 0 0 0 9
0 0 0 0 1 1 0 0 0 0 0 1 0 0 0 0 1 0 0 0 9
0 0 0 0 0 0 0 1 0 0 0 0 1 1 0 0 0 0 0 0 12
0 0 0 0 0 0 0 0 1 1 0 0 0 0 0 0 0 0 1 0 12
0 0 0 0 1 0 0 0 0 0 0 0 0 0 0 0 0 0 0 1 12
1 0 0 0 0 0 1 0 0 0 0 0 0 0 0 0 0 0 0 1 11
0 1 0 0 0 0 0 0 0 1 0 0 0 0 1 0 0 0 0 0 10
0 0 0 0 0 1 0 0 0 0 0 1 0 0 0 0 0 0 0 0 9
0 0 0 0 0 0 0 0 0 0 0 0 0 1 0 0 1 0 0 0 7
0 0 0 1 0 0 0 0 0 0 0 0 0 0 0 0 0 1 1 0 6
1 0 1 0 0 0 0 0 0 0 0 0 0 0 0 0 0 0 0 0 5
0 1 1 0 0 0 0 0 0 0 0 0 0 0 1 0 0 1 0 0 4
Tempo Total de Execução: 0.0ms

0 0 0 0 1 0 0 0 0 0 0 1 0 0 0 0 0 0 0 0 2
0 1 1 0 0 0 0 0 0 0 0 0 0 0 1 0 0 1 0 0 6
0 0 0 0 0 0 0 1 0 0 0 0 1 1 0 0 0 0 0 0 9
0 0 0 0 0 0 0 0 0 0 0 0 0 1 0 0 1 0 0 0 8
0 1 0 0 0 0 0 0 0 1 0 0 0 0 1 0 0 0 0 0 8
0 0 0 0 0 0 0 0 0 0 0 1 0 0 0 1 1 0 0 0 8
0 0 0 0 0 1 0 0 0 0 0 1 0 0 0 0 0 0 0 0 8
0 0 0 0 1 0 0 0 0 0 0 0 0 0 0 0 0 0 0 1 9
0 0 0 0 1 1 0 0 0 0 0 1 0 0 0 0 1 0 0 0 9
0 0 0 0 1 0 0 0 0 0 0 1 0 0 0 0 0 0 0 0 7
0 0 0 0 0 0 0 0 1 1 0 0 0 0 0 0 0 0 1 0 7
1 0 0 1 0 0 0 0 0 0 0 0 0 0 0 0 0 0 0 0 8
1 0 0 0 0 0 1 0 0 0 0 0 0 0 0 0 0 0 0 1 9
0 0 0 1 0 0 0 0 0 0 0 0 0 0 0 0 0 1 1 0 8
0 1 0 0 0 0 1 0 0 1 1 0 0 0 0 0 0 0 0 0 6
1 0 1 0 0 0 0 0 0 0 0 0 0 0 0 0 0 0 0 0 2
Tempo Total de Execução: 0.001ms

0 0 0 0 0 1 0 0 0 0 0 1 0 0 0 0 0 0 0 0 2
0 0 0 0 0 0 0 0 1 1 0 0 0 0 0 0 0 0 1 0 5
1 0 0 1 0 0 0 0 0 0 0 0 0 0 0 0 0 0 0 0 6
1 0 0 0 0 0 1 0 0 0 0 0 0 0 0 0 0 0 0 1 8
0 1 1 0 0 0 0 0 0 0 0 0 0 0 1 0 0 1 0 0 12
0 0 0 0 1 0 0 0 0 0 0 1 0 0 0 0 0 0 0 0 13
0 0 0 1 0 0 0 0 0 0 0 0 0 0 0 0 0 1 1 0 13
0 1 0 0 0 0 0 0 0 1 0 0 0 0 1 0 0 0 0 0 10
0 0 0 0 0 0 0 0 0 0 0 0 0 1 0 0 1 0 0 0 11
0 0 0 0 1 1 0 0 0 0 0 1 0 0 0 0 1 0 0 0 11
0 0 0 0 0 0 0 1 0 0 0 0 1 1 0 0 0 0 0 0 12
0 0 0 0 1 0 0 0 0 0 0 0 0 0 0 0 0 0 0 1 9
0 0 0 0 0 0 0 0 0 0 0 1 0 0 0 1 1 0 0 0 9
0 0 0 0 1 0 0 0 0 0 0 1 0 0 0 0 0 0 0 0 7
0 1 0 0 0 0 1 0 0 1 1 0 0 0 0 0 0 0 0 0 6
1 0 1 0 0 0 0 0 0 0 0 0 0 0 0 0 0 0 0 0 2
Tempo Total de Execução: 0.000998ms

1 0 0 1 0 0 0 0 0 0 0 0 0 0 0 0 0 0 0 0 2
0 0 0 0 0 0 0 0 1 1 0 0 0 0 0 0 0 0 1 0 5
0 0 0 1 0 0 0 0 0 0 0 0 0 0 0 0 0 1 1 0 5
0 0 0 0 0 0 0 0 0 0 0 1 0 0 0 1 1 0 0 0 6
0 0 0 0 1 0 0 0 0 0 0 1 0 0 0 0 0 0 0 0 6
0 0 0 0 0 0 0 1 0 0 0 0 1 1 0 0 0 0 0 0 9
1 0 0 0 0 0 1 0 0 0 0 0 0 0 0 0 0 0 0 1 9
0 0 0 0 1 0 0 0 0 0 0 1 0 0 0 0 0 0 0 0 9
0 0 0 0 0 1 0 0 0 0 0 1 0 0 0 0 0 0 0 0 10
0 1 1 0 0 0 0 0 0 0 0 0 0 0 1 0 0 1 0 0 13
1 0 1 0 0 0 0 0 0 0 0 0 0 0 0 0 0 0 0 0 12
0 0 0 0 0 0 0 0 0 0 0 0 0 1 0 0 1 0 0 0 10
0 1 0 0 0 0 1 0 0 1 1 0 0 0 0 0 0 0 0 0 10
0 1 0 0 0 0 0 0 0 1 0 0 0 0 1 0 0 0 0 0 8
0 0 0 0 1 1 0 0 0 0 0 1 0 0 0 0 1 0 0 0 5
0 0 0 0 1 0 0 0 0 0 0 0 0 0 0 0 0 0 0 1 2
Tempo Total de Execução: 0.001ms

0 0 0 0 1 0 0 0 0 0 0 1 0 0 0 0 0 0 0 0 2
0 0 0 0 0 0 0 0 0 0 0 1 0 0 0 1 1 0 0 0 4
0 1 0 0 0 0 1 0 0 1 1 0 0 0 0 0 0 0 0 0 7
0 0 0 1 0 0 0 0 0 0 0 0 0 0 0 0 0 1 1 0 9
0 0 0 0 1 0 0 0 0 0 0 0 0 0 0 0 0 0 0 1 10
0 1 0 0 0 0 0 0 0 1 0 0 0 0 1 0 0 0 0 0 11
0 0 0 0 0 1 0 0 0 0 0 1 0 0 0 0 0 0 0 0 12
1 0 0 1 0 0 0 0 0 0 0 0 0 0 0 0 0 0 0 0 13
0 0 0 0 1 0 0 0 0 0 0 1 0 0 0 0 0 0 0 0 12
0 0 0 0 0 0 0 0 1 1 0 0 0 0 0 0 0 0 1 0 13
1 0 1 0 0 0 0 0 0 0 0 0 0 0 0 0 0 0 0 0 11
1 0 0 0 0 0 1 0 0 0 0 0 0 0 0 0 0 0 0 1 11
0 0 0 0 1 1 0 0 0 0 0 1 0 0 0 0 1 0 0 0 8
0 0 0 0 0 0 0 0 0 0 0 0 0 1 0 0 1 0 0 0 6
0 1 1 0 0 0 0 0 0 0 0 0 0 0 1 0 0 1 0 0 5
0 0 0 0 0 0 0 1 0 0 0 0 1 1 0 0 0 0 0 0 3
Tempo Total de Execução: 0.0ms

0 1 0 0 0 0 1 0 0 1 1 0 0 0 0 0 0 0 0 0 4
0 0 0 0 1 0 0 0 0 0 0 1 0 0 0 0 0 0 0 0 5
1 0 0 1 0 0 0 0 0 0 0 0 0 0 0 0 0 0 0 0 7
0 0 0 0 1 0 0 0 0 0 0 1 0 0 0 0 0 0 0 0 7
0 0 0 0 0 0 0 0 0 0 0 1 0 0 0 1 1 0 0 0 9
0 0 0 0 1 1 0 0 0 0 0 1 0 0 0 0 1 0 0 0 9
0 0 0 0 0 0 0 1 0 0 0 0 1 1 0 0 0 0 0 0 12
0 0 0 0 0 0 0 0 1 1 0 0 0 0 0 0 0 0 1 0 12
0 0 0 0 1 0 0 0 0 0 0 0 0 0 0 0 0 0 0 1 12
1 0 0 0 0 0 1 0 0 0 0 0 0 0 0 0 0 0 0 1 11
0 1 0 0 0 0 0 0 0 1 0 0 0 0 1 0 0 0 0 0 10
0 0 0 0 0 1 0 0 0 0 0 1 0 0 0 0 0 0 0 0 9
0 0 0 0 0 0 0 0 0 0 0 0 0 1 0 0 1 0 0 0 7
0 0 0 1 0 0 0 0 0 0 0 0 0 0 0 0 0 1 1 0 6
1 0 1 0 0 0 0 0 0 0 0 0 0 0 0 0 0 0 0 0 5
0 1 1 0 0 0 0 0 0 0 0 0 0 0 1 0 0 1 0 0 4
Tempo Total de Execução: 0.002ms

0 1 0 0 0 0 1 0 0 1 1 0 0 0 0 0 0 0 0 0 4
0 0 0 0 1 0 0 0 0 0 0 1 0 0 0 0 0 0 0 0 5
1 0 0 1 0 0 0 0 0 0 0 0 0 0 0 0 0 0 0 0 7
0 0 0 0 1 0 0 0 0 0 0 1 0 0 0 0 0 0 0 0 7
0 0 0 0 0 0 0 0 0 0 0 1 0 0 0 1 1 0 0 0 9
0 0 0 0 1 1 0 0 0 0 0 1 0 0 0 0 1 0 0 0 9
0 0 0 0 0 0 0 1 0 0 0 0 1 1 0 0 0 0 0 0 12
0 0 0 0 0 0 0 0 1 1 0 0 0 0 0 0 0 0 1 0 12
0 0 0 0 1 0 0 0 0 0 0 0 0 0 0 0 0 0 0 1 12
1 0 0 0 0 0 1 0 0 0 0 0 0 0 0 0 0 0 0 1 11
0 1 0 0 0 0 0 0 0 1 0 0 0 0 1 0 0 0 0 0 10
0 0 0 0 0 1 0 0 0 0 0 1 0 0 0 0 0 0 0 0 9
0 0 0 0 0 0 0 0 0 0 0 0 0 1 0 0 1 0 0 0 7
0 0 0 1 0 0 0 0 0 0 0 0 0 0 0 0 0 1 1 0 6
1 0 1 0 0 0 0 0 0 0 0 0 0 0 0 0 0 0 0 0 5
0 1 1 0 0 0 0 0 0 0 0 0 0 0 1 0 0 1 0 0 4
Tempo Total de Execução: 0.0ms

0 1 0 0 0 0 1 0 0 1 1 0 0 0 0 0 0 0 0 0 4
0 0 0 0 1 0 0 0 0 0 0 1 0 0 0 0 0 0 0 0 5
1 0 0 1 0 0 0 0 0 0 0 0 0 0 0 0 0 0 0 0 7
0 0 0 0 1 0 0 0 0 0 0 1 0 0 0 0 0 0 0 0 7
0 0 0 0 0 0 0 0 0 0 0 1 0 0 0 1 1 0 0 0 9
0 0 0 0 1 1 0 0 0 0 0 1 0 0 0 0 1 0 0 0 9
0 0 0 0 0 0 0 1 0 0 0 0 1 1 0 0 0 0 0 0 12
0 0 0 0 0 0 0 0 1 1 0 0 0 0 0 0 0 0 1 0 12
0 0 0 0 1 0 0 0 0 0 0 0 0 0 0 0 0 0 0 1 12
1 0 0 0 0 0 1 0 0 0 0 0 0 0 0 0 0 0 0 1 11
0 1 0 0 0 0 0 0 0 1 0 0 0 0 1 0 0 0 0 0 10
0 0 0 0 0 1 0 0 0 0 0 1 0 0 0 0 0 0 0 0 9
0 0 0 0 0 0 0 0 0 0 0 0 0 1 0 0 1 0 0 0 7
0 0 0 1 0 0 0 0 0 0 0 0 0 0 0 0 0 1 1 0 6
1 0 1 0 0 0 0 0 0 0 0 0 0 0 0 0 0 0 0 0 5
0 1 1 0 0 0 0 0 0 0 0 0 0 0 1 0 0 1 0 0 4
Tempo Total de Execução: 0.002ms

0 1 0 0 0 0 1 0 0 1 1 0 0 0 0 0 0 0 0 0 4
0 0 0 0 1 0 0 0 0 0 0 1 0 0 0 0 0 0 0 0 5
1 0 0 1 0 0 0 0 0 0 0 0 0 0 0 0 0 0 0 0 7
0 0 0 0 1 0 0 0 0 0 0 1 0 0 0 0 0 0 0 0 7
0 0 0 0 0 0 0 0 0 0 0 1 0 0 0 1 1 0 0 0 9
0 0 0 0 1 1 0 0 0 0 0 1 0 0 0 0 1 0 0 0 9
0 0 0 0 0 0 0 1 0 0 0 0 1 1 0 0 0 0 0 0 12
0 0 0 0 0 0 0 0 1 1 0 0 0 0 0 0 0 0 1 0 12
0 0 0 0 1 0 0 0 0 0 0 0 0 0 0 0 0 0 0 1 12
1 0 0 0 0 0 1 0 0 0 0 0 0 0 0 0 0 0 0 1 11
0 1 0 0 0 0 0 0 0 1 0 0 0 0 1 0 0 0 0 0 10
0 0 0 0 0 1 0 0 0 0 0 1 0 0 0 0 0 0 0 0 9
0 0 0 0 0 0 0 0 0 0 0 0 0 1 0 0 1 0 0 0 7
0 0 0 1 0 0 0 0 0 0 0 0 0 0 0 0 0 1 1 0 6
1 0 1 0 0 0 0 0 0 0 0 0 0 0 0 0 0 0 0 0 5
0 1 1 0 0 0 0 0 0 0 0 0 0 0 1 0 0 1 0 0 4
Tempo Total de Execução: 0.0ms

0 1 0 0 0 0 1 0 0 1 1 0 0 0 0 0 0 0 0 0 4
0 0 0 0 1 0 0 0 0 0 0 1 0 0 0 0 0 0 0 0 5
1 0 0 1 0 0 0 0 0 0 0 0 0 0 0 0 0 0 0 0 7
0 0 0 0 1 0 0 0 0 0 0 1 0 0 0 0 0 0 0 0 7
0 0 0 0 0 0 0 0 0 0 0 1 0 0 0 1 1 0 0 0 9
0 0 0 0 1 1 0 0 0 0 0 1 0 0 0 0 1 0 0 0 9
0 0 0 0 0 0 0 1 0 0 0 0 1 1 0 0 0 0 0 0 12
0 0 0 0 0 0 0 0 1 1 0 0 0 0 0 0 0 0 1 0 12
0 0 0 0 1 0 0 0 0 0 0 0 0 0 0 0 0 0 0 1 12
1 0 0 0 0 0 1 0 0 0 0 0 0 0 0 0 0 0 0 1 11
0 1 0 0 0 0 0 0 0 1 0 0 0 0 1 0 0 0 0 0 10
0 0 0 0 0 1 0 0 0 0 0 1 0 0 0 0 0 0 0 0 9
0 0 0 0 0 0 0 0 0 0 0 0 0 1 0 0 1 0 0 0 7
0 0 0 1 0 0 0 0 0 0 0 0 0 0 0 0 0 1 1 0 6
1 0 1 0 0 0 0 0 0 0 0 0 0 0 0 0 0 0 0 0 5
0 1 1 0 0 0 0 0 0 0 0 0 0 0 1 0 0 1 0 0 4
Tempo Total de Execução: 0.000999ms

0 0 0 1 0 0 0 0 0 0 0 0 0 0 0 0 0 1 1 0 3
0 0 0 0 0 1 0 0 0 0 0 1 0 0 0 0 0 0 0 0 5
0 0 0 0 0 0 0 0 0 0 0 0 0 1 0 0 1 0 0 0 7
0 0 0 0 1 0 0 0 0 0 0 1 0 0 0 0 0 0 0 0 8
0 1 0 0 0 0 0 0 0 1 0 0 0 0 1 0 0 0 0 0 11
0 0 0 0 0 0 0 1 0 0 0 0 1 1 0 0 0 0 0 0 13
0 0 0 0 1 0 0 0 0 0 0 1 0 0 0 0 0 0 0 0 10
0 0 0 0 1 0 0 0 0 0 0 0 0 0 0 0 0 0 0 1 11
0 1 0 0 0 0 1 0 0 1 1 0 0 0 0 0 0 0 0 0 13
1 0 1 0 0 0 0 0 0 0 0 0 0 0 0 0 0 0 0 0 14
1 0 0 1 0 0 0 0 0 0 0 0 0 0 0 0 0 0 0 0 14
1 0 0 0 0 0 1 0 0 0 0 0 0 0 0 0 0 0 0 1 13
0 0 0 0 0 0 0 0 0 0 0 1 0 0 0 1 1 0 0 0 11
0 0 0 0 0 0 0 0 1 1 0 0 0 0 0 0 0 0 1 0 11
0 0 0 0 1 1 0 0 0 0 0 1 0 0 0 0 1 0 0 0 8
0 1 1 0 0 0 0 0 0 0 0 0 0 0 1 0 0 1 0 0 4
Tempo Total de Execução: 0.0ms

0 1 0 0 0 0 1 0 0 1 1 0 0 0 0 0 0 0 0 0 4
0 0 0 0 1 0 0 0 0 0 0 1 0 0 0 0 0 0 0 0 5
1 0 0 1 0 0 0 0 0 0 0 0 0 0 0 0 0 0 0 0 7
0 0 0 0 1 0 0 0 0 0 0 1 0 0 0 0 0 0 0 0 7
0 0 0 0 0 0 0 0 0 0 0 1 0 0 0 1 1 0 0 0 9
0 0 0 0 1 1 0 0 0 0 0 1 0 0 0 0 1 0 0 0 9
0 0 0 0 0 0 0 1 0 0 0 0 1 1 0 0 0 0 0 0 12
0 0 0 0 0 0 0 0 1 1 0 0 0 0 0 0 0 0 1 0 12
0 0 0 0 1 0 0 0 0 0 0 0 0 0 0 0 0 0 0 1 12
1 0 0 0 0 0 1 0 0 0 0 0 0 0 0 0 0 0 0 1 11
0 1 0 0 0 0 0 0 0 1 0 0 0 0 1 0 0 0 0 0 10
0 0 0 0 0 1 0 0 0 0 0 1 0 0 0 0 0 0 0 0 9
0 0 0 0 0 0 0 0 0 0 0 0 0 1 0 0 1 0 0 0 7
0 0 0 1 0 0 0 0 0 0 0 0 0 0 0 0 0 1 1 0 6
1 0 1 0 0 0 0 0 0 0 0 0 0 0 0 0 0 0 0 0 5
0 1 1 0 0 0 0 0 0 0 0 0 0 0 1 0 0 1 0 0 4
Tempo Total de Execução: 0.0ms

0 0 0 1 0 0 0 0 0 0 0 0 0 0 0 0 0 1 1 0 3
0 0 0 0 0 1 0 0 0 0 0 1 0 0 0 0 0 0 0 0 5
0 0 0 0 0 0 0 0 0 0 0 0 0 1 0 0 1 0 0 0 7
0 0 0 0 1 0 0 0 0 0 0 1 0 0 0 0 0 0 0 0 8
0 1 0 0 0 0 0 0 0 1 0 0 0 0 1 0 0 0 0 0 11
0 0 0 0 0 0 0 1 0 0 0 0 1 1 0 0 0 0 0 0 13
0 0 0 0 1 0 0 0 0 0 0 1 0 0 0 0 0 0 0 0 10
0 0 0 0 1 0 0 0 0 0 0 0 0 0 0 0 0 0 0 1 11
0 1 0 0 0 0 1 0 0 1 1 0 0 0 0 0 0 0 0 0 13
1 0 1 0 0 0 0 0 0 0 0 0 0 0 0 0 0 0 0 0 14
1 0 0 1 0 0 0 0 0 0 0 0 0 0 0 0 0 0 0 0 14
1 0 0 0 0 0 1 0 0 0 0 0 0 0 0 0 0 0 0 1 13
0 0 0 0 0 0 0 0 0 0 0 1 0 0 0 1 1 0 0 0 11
0 0 0 0 0 0 0 0 1 1 0 0 0 0 0 0 0 0 1 0 11
0 0 0 0 1 1 0 0 0 0 0 1 0 0 0 0 1 0 0 0 8
0 1 1 0 0 0 0 0 0 0 0 0 0 0 1 0 0 1 0 0 4
Tempo Total de Execução: 0.0ms

0 0 0 1 0 0 0 0 0 0 0 0 0 0 0 0 0 1 1 0 3
0 0 0 0 0 1 0 0 0 0 0 1 0 0 0 0 0 0 0 0 5
0 0 0 0 0 0 0 0 0 0 0 0 0 1 0 0 1 0 0 0 7
0 0 0 0 1 0 0 0 0 0 0 1 0 0 0 0 0 0 0 0 8
0 1 0 0 0 0 0 0 0 1 0 0 0 0 1 0 0 0 0 0 11
0 0 0 0 0 0 0 1 0 0 0 0 1 1 0 0 0 0 0 0 13
0 0 0 0 1 0 0 0 0 0 0 1 0 0 0 0 0 0 0 0 10
0 0 0 0 1 0 0 0 0 0 0 0 0 0 0 0 0 0 0 1 11
0 1 0 0 0 0 1 0 0 1 1 0 0 0 0 0 0 0 0 0 13
1 0 1 0 0 0 0 0 0 0 0 0 0 0 0 0 0 0 0 0 14
1 0 0 1 0 0 0 0 0 0 0 0 0 0 0 0 0 0 0 0 14
1 0 0 0 0 0 1 0 0 0 0 0 0 0 0 0 0 0 0 1 13
0 0 0 0 0 0 0 0 0 0 0 1 0 0 0 1 1 0 0 0 11
0 0 0 0 0 0 0 0 1 1 0 0 0 0 0 0 0 0 1 0 11
0 0 0 0 1 1 0 0 0 0 0 1 0 0 0 0 1 0 0 0 8
0 1 1 0 0 0 0 0 0 0 0 0 0 0 1 0 0 1 0 0 4
Tempo Total de Execução: 0.0ms

0 0 0 1 0 0 0 0 0 0 0 0 0 0 0 0 0 1 1 0 3
0 0 0 0 0 1 0 0 0 0 0 1 0 0 0 0 0 0 0 0 5
0 0 0 0 0 0 0 0 0 0 0 0 0 1 0 0 1 0 0 0 7
0 0 0 0 1 0 0 0 0 0 0 1 0 0 0 0 0 0 0 0 8
0 1 0 0 0 0 0 0 0 1 0 0 0 0 1 0 0 0 0 0 11
0 0 0 0 0 0 0 1 0 0 0 0 1 1 0 0 0 0 0 0 13
0 0 0 0 1 0 0 0 0 0 0 1 0 0 0 0 0 0 0 0 10
0 0 0 0 1 0 0 0 0 0 0 0 0 0 0 0 0 0 0 1 11
0 1 0 0 0 0 1 0 0 1 1 0 0 0 0 0 0 0 0 0 13
1 0 1 0 0 0 0 0 0 0 0 0 0 0 0 0 0 0 0 0 14
1 0 0 1 0 0 0 0 0 0 0 0 0 0 0 0 0 0 0 0 14
1 0 0 0 0 0 1 0 0 0 0 0 0 0 0 0 0 0 0 1 13
0 0 0 0 0 0 0 0 0 0 0 1 0 0 0 1 1 0 0 0 11
0 0 0 0 0 0 0 0 1 1 0 0 0 0 0 0 0 0 1 0 11
0 0 0 0 1 1 0 0 0 0 0 1 0 0 0 0 1 0 0 0 8
0 1 1 0 0 0 0 0 0 0 0 0 0 0 1 0 0 1 0 0 4
Tempo Total de Execução: 0.0ms

0 0 0 1 0 0 0 0 0 0 0 0 0 0 0 0 0 1 1 0 3
0 0 0 0 0 1 0 0 0 0 0 1 0 0 0 0 0 0 0 0 5
0 0 0 0 0 0 0 0 0 0 0 0 0 1 0 0 1 0 0 0 7
0 0 0 0 1 0 0 0 0 0 0 1 0 0 0 0 0 0 0 0 8
0 1 0 0 0 0 0 0 0 1 0 0 0 0 1 0 0 0 0 0 11
0 0 0 0 0 0 0 1 0 0 0 0 1 1 0 0 0 0 0 0 13
0 0 0 0 1 0 0 0 0 0 0 1 0 0 0 0 0 0 0 0 10
0 0 0 0 1 0 0 0 0 0 0 0 0 0 0 0 0 0 0 1 11
0 1 0 0 0 0 1 0 0 1 1 0 0 0 0 0 0 0 0 0 13
1 0 1 0 0 0 0 0 0 0 0 0 0 0 0 0 0 0 0 0 14
1 0 0 1 0 0 0 0 0 0 0 0 0 0 0 0 0 0 0 0 14
1 0 0 0 0 0 1 0 0 0 0 0 0 0 0 0 0 0 0 1 13
0 0 0 0 0 0 0 0 0 0 0 1 0 0 0 1 1 0 0 0 11
0 0 0 0 0 0 0 0 1 1 0 0 0 0 0 0 0 0 1 0 11
0 0 0 0 1 1 0 0 0 0 0 1 0 0 0 0 1 0 0 0 8
0 1 1 0 0 0 0 0 0 0 0 0 0 0 1 0 0 1 0 0 4
Tempo Total de Execução: 0.000999ms

0 0 0 1 0 0 0 0 0 0 0 0 0 0 0 0 0 1 1 0 3
0 0 0 0 0 1 0 0 0 0 0 1 0 0 0 0 0 0 0 0 5
0 0 0 0 0 0 0 0 0 0 0 0 0 1 0 0 1 0 0 0 7
0 0 0 0 1 0 0 0 0 0 0 1 0 0 0 0 0 0 0 0 8
0 1 0 0 0 0 0 0 0 1 0 0 0 0 1 0 0 0 0 0 11
0 0 0 0 0 0 0 1 0 0 0 0 1 1 0 0 0 0 0 0 13
0 0 0 0 1 0 0 0 0 0 0 1 0 0 0 0 0 0 0 0 10
0 0 0 0 1 0 0 0 0 0 0 0 0 0 0 0 0 0 0 1 11
0 1 0 0 0 0 1 0 0 1 1 0 0 0 0 0 0 0 0 0 13
1 0 1 0 0 0 0 0 0 0 0 0 0 0 0 0 0 0 0 0 14
1 0 0 1 0 0 0 0 0 0 0 0 0 0 0 0 0 0 0 0 14
1 0 0 0 0 0 1 0 0 0 0 0 0 0 0 0 0 0 0 1 13
0 0 0 0 0 0 0 0 0 0 0 1 0 0 0 1 1 0 0 0 11
0 0 0 0 0 0 0 0 1 1 0 0 0 0 0 0 0 0 1 0 11
0 0 0 0 1 1 0 0 0 0 0 1 0 0 0 0 1 0 0 0 8
0 1 1 0 0 0 0 0 0 0 0 0 0 0 1 0 0 1 0 0 4
Tempo Total de Execução: 0.007ms

0 0 0 1 0 0 0 0 0 0 0 0 0 0 0 0 0 1 1 0 3
0 0 0 0 0 1 0 0 0 0 0 1 0 0 0 0 0 0 0 0 5
0 0 0 0 0 0 0 0 0 0 0 0 0 1 0 0 1 0 0 0 7
0 0 0 0 1 0 0 0 0 0 0 1 0 0 0 0 0 0 0 0 8
0 1 0 0 0 0 0 0 0 1 0 0 0 0 1 0 0 0 0 0 11
0 0 0 0 0 0 0 1 0 0 0 0 1 1 0 0 0 0 0 0 13
0 0 0 0 1 0 0 0 0 0 0 1 0 0 0 0 0 0 0 0 10
0 0 0 0 1 0 0 0 0 0 0 0 0 0 0 0 0 0 0 1 11
0 1 0 0 0 0 1 0 0 1 1 0 0 0 0 0 0 0 0 0 13
1 0 1 0 0 0 0 0 0 0 0 0 0 0 0 0 0 0 0 0 14
1 0 0 1 0 0 0 0 0 0 0 0 0 0 0 0 0 0 0 0 14
1 0 0 0 0 0 1 0 0 0 0 0 0 0 0 0 0 0 0 1 13
0 0 0 0 0 0 0 0 0 0 0 1 0 0 0 1 1 0 0 0 11
0 0 0 0 0 0 0 0 1 1 0 0 0 0 0 0 0 0 1 0 11
0 0 0 0 1 1 0 0 0 0 0 1 0 0 0 0 1 0 0 0 8
0 1 1 0 0 0 0 0 0 0 0 0 0 0 1 0 0 1 0 0 4
Tempo Total de Execução: 0.002ms

