0 0 0 0 0 0 0 1 0 0 0 0 1 1 0 0 0 0 0 0 3
1 0 0 1 0 0 0 0 0 0 0 0 0 0 0 0 0 0 0 0 3
0 0 0 0 0 0 0 0 0 0 0 0 0 1 0 0 1 0 0 0 4
0 0 0 0 0 0 0 0 1 1 0 0 0 0 0 0 0 0 1 0 6
0 0 0 0 0 0 0 0 0 0 0 1 0 0 0 1 1 0 0 0 7
0 0 0 0 1 0 0 0 0 0 0 1 0 0 0 0 0 0 0 0 7
0 0 0 0 1 0 0 0 0 0 0 1 0 0 0 0 0 0 0 0 7
0 0 0 0 1 1 0 0 0 0 0 1 0 0 0 0 1 0 0 0 8
0 0 0 1 0 0 0 0 0 0 0 0 0 0 0 0 0 1 1 0 8
0 0 0 0 0 1 0 0 0 0 0 1 0 0 0 0 0 0 0 0 6
0 1 1 0 0 0 0 0 0 0 0 0 0 0 1 0 0 1 0 0 7
0 1 0 0 0 0 1 0 0 1 1 0 0 0 0 0 0 0 0 0 8
1 0 0 0 0 0 1 0 0 0 0 0 0 0 0 0 0 0 0 1 8
0 1 0 0 0 0 0 0 0 1 0 0 0 0 1 0 0 0 0 0 7
1 0 1 0 0 0 0 0 0 0 0 0 0 0 0 0 0 0 0 0 4
0 0 0 0 1 0 0 0 0 0 0 0 0 0 0 0 0 0 0 1 2
Tempo Total de Execução: 0.507ms

0 0 0 0 0 0 0 0 0 0 0 1 0 0 0 1 1 0 0 0 3
0 0 0 0 1 0 0 0 0 0 0 1 0 0 0 0 0 0 0 0 3
0 1 0 0 0 0 1 0 0 1 1 0 0 0 0 0 0 0 0 0 7
1 0 0 0 0 0 1 0 0 0 0 0 0 0 0 0 0 0 0 1 8
0 0 0 0 1 0 0 0 0 0 0 0 0 0 0 0 0 0 0 1 7
0 0 0 0 0 1 0 0 0 0 0 1 0 0 0 0 0 0 0 0 7
0 0 0 0 1 1 0 0 0 0 0 1 0 0 0 0 1 0 0 0 7
0 1 1 0 0 0 0 0 0 0 0 0 0 0 1 0 0 1 0 0 9
0 0 0 0 1 0 0 0 0 0 0 1 0 0 0 0 0 0 0 0 9
0 1 0 0 0 0 0 0 0 1 0 0 0 0 1 0 0 0 0 0 7
0 0 0 0 0 0 0 0 0 0 0 0 0 1 0 0 1 0 0 0 6
0 0 0 0 0 0 0 0 1 1 0 0 0 0 0 0 0 0 1 0 7
1 0 0 1 0 0 0 0 0 0 0 0 0 0 0 0 0 0 0 0 6
0 0 0 0 0 0 0 1 0 0 0 0 1 1 0 0 0 0 0 0 8
0 0 0 1 0 0 0 0 0 0 0 0 0 0 0 0 0 1 1 0 5
1 0 1 0 0 0 0 0 0 0 0 0 0 0 0 0 0 0 0 0 2
Tempo Total de Execução: 0.337ms

1 0 1 0 0 0 0 0 0 0 0 0 0 0 0 0 0 0 0 0 2
0 0 0 0 1 0 0 0 0 0 0 1 0 0 0 0 0 0 0 0 4
1 0 0 0 0 0 1 0 0 0 0 0 0 0 0 0 0 0 0 1 6
0 0 0 0 1 0 0 0 0 0 0 0 0 0 0 0 0 0 0 1 6
0 0 0 0 0 1 0 0 0 0 0 1 0 0 0 0 0 0 0 0 6
0 0 0 0 0 0 0 0 0 0 0 1 0 0 0 1 1 0 0 0 8
0 0 0 0 1 0 0 0 0 0 0 1 0 0 0 0 0 0 0 0 7
0 0 0 0 1 1 0 0 0 0 0 1 0 0 0 0 1 0 0 0 7
0 0 0 0 0 0 0 0 0 0 0 0 0 1 0 0 1 0 0 0 5
0 1 0 0 0 0 1 0 0 1 1 0 0 0 0 0 0 0 0 0 7
0 0 0 0 0 0 0 1 0 0 0 0 1 1 0 0 0 0 0 0 7
0 1 1 0 0 0 0 0 0 0 0 0 0 0 1 0 0 1 0 0 6
0 0 0 0 0 0 0 0 1 1 0 0 0 0 0 0 0 0 1 0 7
0 1 0 0 0 0 0 0 0 1 0 0 0 0 1 0 0 0 0 0 6
1 0 0 1 0 0 0 0 0 0 0 0 0 0 0 0 0 0 0 0 4
0 0 0 1 0 0 0 0 0 0 0 0 0 0 0 0 0 1 1 0 3
Tempo Total de Execução: 0.476ms

0 0 0 0 0 1 0 0 0 0 0 1 0 0 0 0 0 0 0 0 2
0 0 0 0 0 0 0 0 1 1 0 0 0 0 0 0 0 0 1 0 5
0 0 0 0 1 1 0 0 0 0 0 1 0 0 0 0 1 0 0 0 6
0 0 0 0 0 0 0 0 0 0 0 0 0 1 0 0 1 0 0 0 6
0 0 0 0 0 0 0 1 0 0 0 0 1 1 0 0 0 0 0 0 8
0 0 0 1 0 0 0 0 0 0 0 0 0 0 0 0 0 1 1 0 7
0 0 0 0 0 0 0 0 0 0 0 1 0 0 0 1 1 0 0 0 7
1 0 0 1 0 0 0 0 0 0 0 0 0 0 0 0 0 0 0 0 6
0 1 1 0 0 0 0 0 0 0 0 0 0 0 1 0 0 1 0 0 8
0 1 0 0 0 0 0 0 0 1 0 0 0 0 1 0 0 0 0 0 7
1 0 1 0 0 0 0 0 0 0 0 0 0 0 0 0 0 0 0 0 6
0 0 0 0 1 0 0 0 0 0 0 1 0 0 0 0 0 0 0 0 5
1 0 0 0 0 0 1 0 0 0 0 0 0 0 0 0 0 0 0 1 7
0 1 0 0 0 0 1 0 0 1 1 0 0 0 0 0 0 0 0 0 7
0 0 0 0 1 0 0 0 0 0 0 1 0 0 0 0 0 0 0 0 3
0 0 0 0 1 0 0 0 0 0 0 0 0 0 0 0 0 0 0 1 2
Tempo Total de Execução: 0.507ms

1 0 0 0 0 0 1 0 0 0 0 0 0 0 0 0 0 0 0 1 3
0 1 0 0 0 0 1 0 0 1 1 0 0 0 0 0 0 0 0 0 6
0 1 0 0 0 0 0 0 0 1 0 0 0 0 1 0 0 0 0 0 5
0 0 0 0 0 0 0 1 0 0 0 0 1 1 0 0 0 0 0 0 8
1 0 1 0 0 0 0 0 0 0 0 0 0 0 0 0 0 0 0 0 7
0 0 0 0 0 0 0 0 0 0 0 0 0 1 0 0 1 0 0 0 8
0 1 1 0 0 0 0 0 0 0 0 0 0 0 1 0 0 1 0 0 8
1 0 0 1 0 0 0 0 0 0 0 0 0 0 0 0 0 0 0 0 6
0 0 0 0 0 0 0 0 1 1 0 0 0 0 0 0 0 0 1 0 7
0 0 0 1 0 0 0 0 0 0 0 0 0 0 0 0 0 1 1 0 5
0 0 0 0 1 0 0 0 0 0 0 0 0 0 0 0 0 0 0 1 3
0 0 0 0 0 1 0 0 0 0 0 1 0 0 0 0 0 0 0 0 4
0 0 0 0 1 0 0 0 0 0 0 1 0 0 0 0 0 0 0 0 4
0 0 0 0 1 0 0 0 0 0 0 1 0 0 0 0 0 0 0 0 4
0 0 0 0 0 0 0 0 0 0 0 1 0 0 0 1 1 0 0 0 5
0 0 0 0 1 1 0 0 0 0 0 1 0 0 0 0 1 0 0 0 4
Tempo Total de Execução: 0.335ms

0 0 0 0 1 1 0 0 0 0 0 1 0 0 0 0 1 0 0 0 4
0 0 0 0 0 0 0 0 0 0 0 1 0 0 0 1 1 0 0 0 5
0 0 0 0 0 1 0 0 0 0 0 1 0 0 0 0 0 0 0 0 4
0 0 0 0 0 0 0 0 0 0 0 0 0 1 0 0 1 0 0 0 4
0 0 0 0 0 0 0 1 0 0 0 0 1 1 0 0 0 0 0 0 5
0 1 0 0 0 0 0 0 0 1 0 0 0 0 1 0 0 0 0 0 5
0 0 0 0 1 0 0 0 0 0 0 1 0 0 0 0 0 0 0 0 5
0 1 1 0 0 0 0 0 0 0 0 0 0 0 1 0 0 1 0 0 7
0 0 0 0 1 0 0 0 0 0 0 1 0 0 0 0 0 0 0 0 6
1 0 0 1 0 0 0 0 0 0 0 0 0 0 0 0 0 0 0 0 7
1 0 1 0 0 0 0 0 0 0 0 0 0 0 0 0 0 0 0 0 7
0 0 0 0 0 0 0 0 1 1 0 0 0 0 0 0 0 0 1 0 8
0 0 0 1 0 0 0 0 0 0 0 0 0 0 0 0 0 1 1 0 7
1 0 0 0 0 0 1 0 0 0 0 0 0 0 0 0 0 0 0 1 6
0 1 0 0 0 0 1 0 0 1 1 0 0 0 0 0 0 0 0 0 6
0 0 0 0 1 0 0 0 0 0 0 0 0 0 0 0 0 0 0 1 2
Tempo Total de Execução: 0.383ms

0 0 0 0 0 1 0 0 0 0 0 1 0 0 0 0 0 0 0 0 2
0 0 0 0 0 0 0 0 0 0 0 0 0 1 0 0 1 0 0 0 4
0 0 0 0 1 0 0 0 0 0 0 1 0 0 0 0 0 0 0 0 5
0 0 0 0 1 1 0 0 0 0 0 1 0 0 0 0 1 0 0 0 5
0 0 0 1 0 0 0 0 0 0 0 0 0 0 0 0 0 1 1 0 7
0 0 0 0 0 0 0 1 0 0 0 0 1 1 0 0 0 0 0 0 9
1 0 0 1 0 0 0 0 0 0 0 0 0 0 0 0 0 0 0 0 7
0 0 0 0 1 0 0 0 0 0 0 0 0 0 0 0 0 0 0 1 7
0 0 0 0 0 0 0 0 1 1 0 0 0 0 0 0 0 0 1 0 9
1 0 1 0 0 0 0 0 0 0 0 0 0 0 0 0 0 0 0 0 8
0 0 0 0 0 0 0 0 0 0 0 1 0 0 0 1 1 0 0 0 9
1 0 0 0 0 0 1 0 0 0 0 0 0 0 0 0 0 0 0 1 8
0 1 0 0 0 0 0 0 0 1 0 0 0 0 1 0 0 0 0 0 8
0 1 1 0 0 0 0 0 0 0 0 0 0 0 1 0 0 1 0 0 8
0 0 0 0 1 0 0 0 0 0 0 1 0 0 0 0 0 0 0 0 5
0 1 0 0 0 0 1 0 0 1 1 0 0 0 0 0 0 0 0 0 4
Tempo Total de Execução: 0.377ms

0 0 0 1 0 0 0 0 0 0 0 0 0 0 0 0 0 1 1 0 3
0 0 0 0 0 0 0 0 0 0 0 0 0 1 0 0 1 0 0 0 5
0 0 0 0 0 0 0 1 0 0 0 0 1 1 0 0 0 0 0 0 7
0 1 0 0 0 0 1 0 0 1 1 0 0 0 0 0 0 0 0 0 8
0 0 0 0 0 0 0 0 1 1 0 0 0 0 0 0 0 0 1 0 8
0 1 0 0 0 0 0 0 0 1 0 0 0 0 1 0 0 0 0 0 7
0 1 1 0 0 0 0 0 0 0 0 0 0 0 1 0 0 1 0 0 7
0 0 0 0 1 0 0 0 0 0 0 0 0 0 0 0 0 0 0 1 6
1 0 0 0 0 0 1 0 0 0 0 0 0 0 0 0 0 0 0 1 7
1 0 0 1 0 0 0 0 0 0 0 0 0 0 0 0 0 0 0 0 5
0 0 0 0 1 0 0 0 0 0 0 1 0 0 0 0 0 0 0 0 5
0 0 0 0 1 1 0 0 0 0 0 1 0 0 0 0 1 0 0 0 6
0 0 0 0 1 0 0 0 0 0 0 1 0 0 0 0 0 0 0 0 6
0 0 0 0 0 1 0 0 0 0 0 1 0 0 0 0 0 0 0 0 5
0 0 0 0 0 0 0 0 0 0 0 1 0 0 0 1 1 0 0 0 5
1 0 1 0 0 0 0 0 0 0 0 0 0 0 0 0 0 0 0 0 2
Tempo Total de Execução: 0.396ms

0 0 0 0 1 0 0 0 0 0 0 0 0 0 0 0 0 0 0 1 2
0 0 0 0 1 1 0 0 0 0 0 1 0 0 0 0 1 0 0 0 5
0 0 0 0 1 0 0 0 0 0 0 1 0 0 0 0 0 0 0 0 5
0 0 0 0 0 1 0 0 0 0 0 1 0 0 0 0 0 0 0 0 5
0 0 0 0 0 0 0 1 0 0 0 0 1 1 0 0 0 0 0 0 7
0 0 0 0 0 0 0 0 0 0 0 1 0 0 0 1 1 0 0 0 6
1 0 1 0 0 0 0 0 0 0 0 0 0 0 0 0 0 0 0 0 7
0 0 0 0 0 0 0 0 0 0 0 0 0 1 0 0 1 0 0 0 7
0 0 0 0 0 0 0 0 1 1 0 0 0 0 0 0 0 0 1 0 8
0 0 0 0 1 0 0 0 0 0 0 1 0 0 0 0 0 0 0 0 7
0 0 0 1 0 0 0 0 0 0 0 0 0 0 0 0 0 1 1 0 7
1 0 0 1 0 0 0 0 0 0 0 0 0 0 0 0 0 0 0 0 6
1 0 0 0 0 0 1 0 0 0 0 0 0 0 0 0 0 0 0 1 6
0 1 0 0 0 0 0 0 0 1 0 0 0 0 1 0 0 0 0 0 6
0 1 0 0 0 0 1 0 0 1 1 0 0 0 0 0 0 0 0 0 7
0 1 1 0 0 0 0 0 0 0 0 0 0 0 1 0 0 1 0 0 4
Tempo Total de Execução: 0.563ms

0 0 0 0 1 0 0 0 0 0 0 0 0 0 0 0 0 0 0 1 2
1 0 0 0 0 0 1 0 0 0 0 0 0 0 0 0 0 0 0 1 4
0 1 0 0 0 0 1 0 0 1 1 0 0 0 0 0 0 0 0 0 6
0 0 0 0 0 0 0 1 0 0 0 0 1 1 0 0 0 0 0 0 7
0 0 0 0 0 1 0 0 0 0 0 1 0 0 0 0 0 0 0 0 7
0 0 0 0 0 0 0 0 0 0 0 0 0 1 0 0 1 0 0 0 8
0 0 0 0 1 0 0 0 0 0 0 1 0 0 0 0 0 0 0 0 7
1 0 0 1 0 0 0 0 0 0 0 0 0 0 0 0 0 0 0 0 8
0 0 0 0 1 1 0 0 0 0 0 1 0 0 0 0 1 0 0 0 8
0 0 0 0 0 0 0 0 0 0 0 1 0 0 0 1 1 0 0 0 8
1 0 1 0 0 0 0 0 0 0 0 0 0 0 0 0 0 0 0 0 7
0 0 0 1 0 0 0 0 0 0 0 0 0 0 0 0 0 1 1 0 8
0 0 0 0 0 0 0 0 1 1 0 0 0 0 0 0 0 0 1 0 8
0 1 1 0 0 0 0 0 0 0 0 0 0 0 1 0 0 1 0 0 7
0 0 0 0 1 0 0 0 0 0 0 1 0 0 0 0 0 0 0 0 5
0 1 0 0 0 0 0 0 0 1 0 0 0 0 1 0 0 0 0 0 3
Tempo Total de Execução: 0.402ms

0 0 0 0 0 0 0 1 0 0 0 0 1 1 0 0 0 0 0 0 3
1 0 0 1 0 0 0 0 0 0 0 0 0 0 0 0 0 0 0 0 3
0 0 0 0 0 0 0 0 0 0 0 0 0 1 0 0 1 0 0 0 4
0 0 0 0 0 0 0 0 1 1 0 0 0 0 0 0 0 0 1 0 6
0 0 0 0 0 0 0 0 0 0 0 1 0 0 0 1 1 0 0 0 7
0 0 0 0 1 0 0 0 0 0 0 1 0 0 0 0 0 0 0 0 7
0 0 0 0 1 0 0 0 0 0 0 1 0 0 0 0 0 0 0 0 7
0 0 0 0 1 1 0 0 0 0 0 1 0 0 0 0 1 0 0 0 8
0 0 0 1 0 0 0 0 0 0 0 0 0 0 0 0 0 1 1 0 8
0 0 0 0 0 1 0 0 0 0 0 1 0 0 0 0 0 0 0 0 6
0 1 1 0 0 0 0 0 0 0 0 0 0 0 1 0 0 1 0 0 7
0 1 0 0 0 0 1 0 0 1 1 0 0 0 0 0 0 0 0 0 8
1 0 0 0 0 0 1 0 0 0 0 0 0 0 0 0 0 0 0 1 8
0 1 0 0 0 0 0 0 0 1 0 0 0 0 1 0 0 0 0 0 7
1 0 1 0 0 0 0 0 0 0 0 0 0 0 0 0 0 0 0 0 4
0 0 0 0 1 0 0 0 0 0 0 0 0 0 0 0 0 0 0 1 2
Tempo Total de Execução: 0.519ms

0 0 0 0 0 0 0 0 0 0 0 1 0 0 0 1 1 0 0 0 3
0 0 0 0 1 0 0 0 0 0 0 1 0 0 0 0 0 0 0 0 3
0 1 0 0 0 0 1 0 0 1 1 0 0 0 0 0 0 0 0 0 7
1 0 0 0 0 0 1 0 0 0 0 0 0 0 0 0 0 0 0 1 8
0 0 0 0 1 0 0 0 0 0 0 0 0 0 0 0 0 0 0 1 7
0 0 0 0 0 1 0 0 0 0 0 1 0 0 0 0 0 0 0 0 7
0 0 0 0 1 1 0 0 0 0 0 1 0 0 0 0 1 0 0 0 7
0 1 1 0 0 0 0 0 0 0 0 0 0 0 1 0 0 1 0 0 9
0 0 0 0 1 0 0 0 0 0 0 1 0 0 0 0 0 0 0 0 9
0 1 0 0 0 0 0 0 0 1 0 0 0 0 1 0 0 0 0 0 7
0 0 0 0 0 0 0 0 0 0 0 0 0 1 0 0 1 0 0 0 6
0 0 0 0 0 0 0 0 1 1 0 0 0 0 0 0 0 0 1 0 7
1 0 0 1 0 0 0 0 0 0 0 0 0 0 0 0 0 0 0 0 6
0 0 0 0 0 0 0 1 0 0 0 0 1 1 0 0 0 0 0 0 8
0 0 0 1 0 0 0 0 0 0 0 0 0 0 0 0 0 1 1 0 5
1 0 1 0 0 0 0 0 0 0 0 0 0 0 0 0 0 0 0 0 2
Tempo Total de Execução: 0.339ms

1 0 1 0 0 0 0 0 0 0 0 0 0 0 0 0 0 0 0 0 2
0 0 0 0 1 0 0 0 0 0 0 1 0 0 0 0 0 0 0 0 4
1 0 0 0 0 0 1 0 0 0 0 0 0 0 0 0 0 0 0 1 6
0 0 0 0 1 0 0 0 0 0 0 0 0 0 0 0 0 0 0 1 6
0 0 0 0 0 1 0 0 0 0 0 1 0 0 0 0 0 0 0 0 6
0 0 0 0 0 0 0 0 0 0 0 1 0 0 0 1 1 0 0 0 8
0 0 0 0 1 0 0 0 0 0 0 1 0 0 0 0 0 0 0 0 7
0 0 0 0 1 1 0 0 0 0 0 1 0 0 0 0 1 0 0 0 7
0 0 0 0 0 0 0 0 0 0 0 0 0 1 0 0 1 0 0 0 5
0 1 0 0 0 0 1 0 0 1 1 0 0 0 0 0 0 0 0 0 7
0 0 0 0 0 0 0 1 0 0 0 0 1 1 0 0 0 0 0 0 7
0 1 1 0 0 0 0 0 0 0 0 0 0 0 1 0 0 1 0 0 6
0 0 0 0 0 0 0 0 1 1 0 0 0 0 0 0 0 0 1 0 7
0 1 0 0 0 0 0 0 0 1 0 0 0 0 1 0 0 0 0 0 6
1 0 0 1 0 0 0 0 0 0 0 0 0 0 0 0 0 0 0 0 4
0 0 0 1 0 0 0 0 0 0 0 0 0 0 0 0 0 1 1 0 3
Tempo Total de Execução: 0.477ms

0 0 0 0 0 1 0 0 0 0 0 1 0 0 0 0 0 0 0 0 2
0 0 0 0 0 0 0 0 1 1 0 0 0 0 0 0 0 0 1 0 5
0 0 0 0 1 1 0 0 0 0 0 1 0 0 0 0 1 0 0 0 6
0 0 0 0 0 0 0 0 0 0 0 0 0 1 0 0 1 0 0 0 6
0 0 0 0 0 0 0 1 0 0 0 0 1 1 0 0 0 0 0 0 8
0 0 0 1 0 0 0 0 0 0 0 0 0 0 0 0 0 1 1 0 7
0 0 0 0 0 0 0 0 0 0 0 1 0 0 0 1 1 0 0 0 7
1 0 0 1 0 0 0 0 0 0 0 0 0 0 0 0 0 0 0 0 6
0 1 1 0 0 0 0 0 0 0 0 0 0 0 1 0 0 1 0 0 8
0 1 0 0 0 0 0 0 0 1 0 0 0 0 1 0 0 0 0 0 7
1 0 1 0 0 0 0 0 0 0 0 0 0 0 0 0 0 0 0 0 6
0 0 0 0 1 0 0 0 0 0 0 1 0 0 0 0 0 0 0 0 5
1 0 0 0 0 0 1 0 0 0 0 0 0 0 0 0 0 0 0 1 7
0 1 0 0 0 0 1 0 0 1 1 0 0 0 0 0 0 0 0 0 7
0 0 0 0 1 0 0 0 0 0 0 1 0 0 0 0 0 0 0 0 3
0 0 0 0 1 0 0 0 0 0 0 0 0 0 0 0 0 0 0 1 2
Tempo Total de Execução: 0.522ms

1 0 0 0 0 0 1 0 0 0 0 0 0 0 0 0 0 0 0 1 3
0 1 0 0 0 0 1 0 0 1 1 0 0 0 0 0 0 0 0 0 6
0 1 0 0 0 0 0 0 0 1 0 0 0 0 1 0 0 0 0 0 5
0 0 0 0 0 0 0 1 0 0 0 0 1 1 0 0 0 0 0 0 8
1 0 1 0 0 0 0 0 0 0 0 0 0 0 0 0 0 0 0 0 7
0 0 0 0 0 0 0 0 0 0 0 0 0 1 0 0 1 0 0 0 8
0 1 1 0 0 0 0 0 0 0 0 0 0 0 1 0 0 1 0 0 8
1 0 0 1 0 0 0 0 0 0 0 0 0 0 0 0 0 0 0 0 6
0 0 0 0 0 0 0 0 1 1 0 0 0 0 0 0 0 0 1 0 7
0 0 0 1 0 0 0 0 0 0 0 0 0 0 0 0 0 1 1 0 5
0 0 0 0 1 0 0 0 0 0 0 0 0 0 0 0 0 0 0 1 3
0 0 0 0 0 1 0 0 0 0 0 1 0 0 0 0 0 0 0 0 4
0 0 0 0 1 0 0 0 0 0 0 1 0 0 0 0 0 0 0 0 4
0 0 0 0 1 0 0 0 0 0 0 1 0 0 0 0 0 0 0 0 4
0 0 0 0 0 0 0 0 0 0 0 1 0 0 0 1 1 0 0 0 5
0 0 0 0 1 1 0 0 0 0 0 1 0 0 0 0 1 0 0 0 4
Tempo Total de Execução: 0.332ms

0 0 0 0 1 1 0 0 0 0 0 1 0 0 0 0 1 0 0 0 4
0 0 0 0 0 0 0 0 0 0 0 1 0 0 0 1 1 0 0 0 5
0 0 0 0 0 1 0 0 0 0 0 1 0 0 0 0 0 0 0 0 4
0 0 0 0 0 0 0 0 0 0 0 0 0 1 0 0 1 0 0 0 4
0 0 0 0 0 0 0 1 0 0 0 0 1 1 0 0 0 0 0 0 5
0 1 0 0 0 0 0 0 0 1 0 0 0 0 1 0 0 0 0 0 5
0 0 0 0 1 0 0 0 0 0 0 1 0 0 0 0 0 0 0 0 5
0 1 1 0 0 0 0 0 0 0 0 0 0 0 1 0 0 1 0 0 7
0 0 0 0 1 0 0 0 0 0 0 1 0 0 0 0 0 0 0 0 6
1 0 0 1 0 0 0 0 0 0 0 0 0 0 0 0 0 0 0 0 7
1 0 1 0 0 0 0 0 0 0 0 0 0 0 0 0 0 0 0 0 7
0 0 0 0 0 0 0 0 1 1 0 0 0 0 0 0 0 0 1 0 8
0 0 0 1 0 0 0 0 0 0 0 0 0 0 0 0 0 1 1 0 7
1 0 0 0 0 0 1 0 0 0 0 0 0 0 0 0 0 0 0 1 6
0 1 0 0 0 0 1 0 0 1 1 0 0 0 0 0 0 0 0 0 6
0 0 0 0 1 0 0 0 0 0 0 0 0 0 0 0 0 0 0 1 2
Tempo Total de Execução: 0.363ms

0 0 0 0 0 1 0 0 0 0 0 1 0 0 0 0 0 0 0 0 2
0 0 0 0 0 0 0 0 0 0 0 0 0 1 0 0 1 0 0 0 4
0 0 0 0 1 0 0 0 0 0 0 1 0 0 0 0 0 0 0 0 5
0 0 0 0 1 1 0 0 0 0 0 1 0 0 0 0 1 0 0 0 5
0 0 0 1 0 0 0 0 0 0 0 0 0 0 0 0 0 1 1 0 7
0 0 0 0 0 0 0 1 0 0 0 0 1 1 0 0 0 0 0 0 9
1 0 0 1 0 0 0 0 0 0 0 0 0 0 0 0 0 0 0 0 7
0 0 0 0 1 0 0 0 0 0 0 0 0 0 0 0 0 0 0 1 7
0 0 0 0 0 0 0 0 1 1 0 0 0 0 0 0 0 0 1 0 9
1 0 1 0 0 0 0 0 0 0 0 0 0 0 0 0 0 0 0 0 8
0 0 0 0 0 0 0 0 0 0 0 1 0 0 0 1 1 0 0 0 9
1 0 0 0 0 0 1 0 0 0 0 0 0 0 0 0 0 0 0 1 8
0 1 0 0 0 0 0 0 0 1 0 0 0 0 1 0 0 0 0 0 8
0 1 1 0 0 0 0 0 0 0 0 0 0 0 1 0 0 1 0 0 8
0 0 0 0 1 0 0 0 0 0 0 1 0 0 0 0 0 0 0 0 5
0 1 0 0 0 0 1 0 0 1 1 0 0 0 0 0 0 0 0 0 4
Tempo Total de Execução: 0.412ms

0 0 0 1 0 0 0 0 0 0 0 0 0 0 0 0 0 1 1 0 3
0 0 0 0 0 0 0 0 0 0 0 0 0 1 0 0 1 0 0 0 5
0 0 0 0 0 0 0 1 0 0 0 0 1 1 0 0 0 0 0 0 7
0 1 0 0 0 0 1 0 0 1 1 0 0 0 0 0 0 0 0 0 8
0 0 0 0 0 0 0 0 1 1 0 0 0 0 0 0 0 0 1 0 8
0 1 0 0 0 0 0 0 0 1 0 0 0 0 1 0 0 0 0 0 7
0 1 1 0 0 0 0 0 0 0 0 0 0 0 1 0 0 1 0 0 7
0 0 0 0 1 0 0 0 0 0 0 0 0 0 0 0 0 0 0 1 6
1 0 0 0 0 0 1 0 0 0 0 0 0 0 0 0 0 0 0 1 7
1 0 0 1 0 0 0 0 0 0 0 0 0 0 0 0 0 0 0 0 5
0 0 0 0 1 0 0 0 0 0 0 1 0 0 0 0 0 0 0 0 5
0 0 0 0 1 1 0 0 0 0 0 1 0 0 0 0 1 0 0 0 6
0 0 0 0 1 0 0 0 0 0 0 1 0 0 0 0 0 0 0 0 6
0 0 0 0 0 1 0 0 0 0 0 1 0 0 0 0 0 0 0 0 5
0 0 0 0 0 0 0 0 0 0 0 1 0 0 0 1 1 0 0 0 5
1 0 1 0 0 0 0 0 0 0 0 0 0 0 0 0 0 0 0 0 2
Tempo Total de Execução: 0.39ms

0 0 0 0 1 0 0 0 0 0 0 0 0 0 0 0 0 0 0 1 2
0 0 0 0 1 1 0 0 0 0 0 1 0 0 0 0 1 0 0 0 5
0 0 0 0 1 0 0 0 0 0 0 1 0 0 0 0 0 0 0 0 5
0 0 0 0 0 1 0 0 0 0 0 1 0 0 0 0 0 0 0 0 5
0 0 0 0 0 0 0 1 0 0 0 0 1 1 0 0 0 0 0 0 7
0 0 0 0 0 0 0 0 0 0 0 1 0 0 0 1 1 0 0 0 6
1 0 1 0 0 0 0 0 0 0 0 0 0 0 0 0 0 0 0 0 7
0 0 0 0 0 0 0 0 0 0 0 0 0 1 0 0 1 0 0 0 7
0 0 0 0 0 0 0 0 1 1 0 0 0 0 0 0 0 0 1 0 8
0 0 0 0 1 0 0 0 0 0 0 1 0 0 0 0 0 0 0 0 7
0 0 0 1 0 0 0 0 0 0 0 0 0 0 0 0 0 1 1 0 7
1 0 0 1 0 0 0 0 0 0 0 0 0 0 0 0 0 0 0 0 6
1 0 0 0 0 0 1 0 0 0 0 0 0 0 0 0 0 0 0 1 6
0 1 0 0 0 0 0 0 0 1 0 0 0 0 1 0 0 0 0 0 6
0 1 0 0 0 0 1 0 0 1 1 0 0 0 0 0 0 0 0 0 7
0 1 1 0 0 0 0 0 0 0 0 0 0 0 1 0 0 1 0 0 4
Tempo Total de Execução: 0.583ms

0 0 0 0 1 0 0 0 0 0 0 0 0 0 0 0 0 0 0 1 2
1 0 0 0 0 0 1 0 0 0 0 0 0 0 0 0 0 0 0 1 4
0 1 0 0 0 0 1 0 0 1 1 0 0 0 0 0 0 0 0 0 6
0 0 0 0 0 0 0 1 0 0 0 0 1 1 0 0 0 0 0 0 7
0 0 0 0 0 1 0 0 0 0 0 1 0 0 0 0 0 0 0 0 7
0 0 0 0 0 0 0 0 0 0 0 0 0 1 0 0 1 0 0 0 8
0 0 0 0 1 0 0 0 0 0 0 1 0 0 0 0 0 0 0 0 7
1 0 0 1 0 0 0 0 0 0 0 0 0 0 0 0 0 0 0 0 8
0 0 0 0 1 1 0 0 0 0 0 1 0 0 0 0 1 0 0 0 8
0 0 0 0 0 0 0 0 0 0 0 1 0 0 0 1 1 0 0 0 8
1 0 1 0 0 0 0 0 0 0 0 0 0 0 0 0 0 0 0 0 7
0 0 0 1 0 0 0 0 0 0 0 0 0 0 0 0 0 1 1 0 8
0 0 0 0 0 0 0 0 1 1 0 0 0 0 0 0 0 0 1 0 8
0 1 1 0 0 0 0 0 0 0 0 0 0 0 1 0 0 1 0 0 7
0 0 0 0 1 0 0 0 0 0 0 1 0 0 0 0 0 0 0 0 5
0 1 0 0 0 0 0 0 0 1 0 0 0 0 1 0 0 0 0 0 3
Tempo Total de Execução: 0.457ms

0 0 0 0 0 0 0 1 0 0 0 0 1 1 0 0 0 0 0 0 3
1 0 0 1 0 0 0 0 0 0 0 0 0 0 0 0 0 0 0 0 3
0 0 0 0 0 0 0 0 0 0 0 0 0 1 0 0 1 0 0 0 4
0 0 0 0 0 0 0 0 1 1 0 0 0 0 0 0 0 0 1 0 6
0 0 0 0 0 0 0 0 0 0 0 1 0 0 0 1 1 0 0 0 7
0 0 0 0 1 0 0 0 0 0 0 1 0 0 0 0 0 0 0 0 7
0 0 0 0 1 0 0 0 0 0 0 1 0 0 0 0 0 0 0 0 7
0 0 0 0 1 1 0 0 0 0 0 1 0 0 0 0 1 0 0 0 8
0 0 0 1 0 0 0 0 0 0 0 0 0 0 0 0 0 1 1 0 8
0 0 0 0 0 1 0 0 0 0 0 1 0 0 0 0 0 0 0 0 6
0 1 1 0 0 0 0 0 0 0 0 0 0 0 1 0 0 1 0 0 7
0 1 0 0 0 0 1 0 0 1 1 0 0 0 0 0 0 0 0 0 8
1 0 0 0 0 0 1 0 0 0 0 0 0 0 0 0 0 0 0 1 8
0 1 0 0 0 0 0 0 0 1 0 0 0 0 1 0 0 0 0 0 7
1 0 1 0 0 0 0 0 0 0 0 0 0 0 0 0 0 0 0 0 4
0 0 0 0 1 0 0 0 0 0 0 0 0 0 0 0 0 0 0 1 2
Tempo Total de Execução: 0.525ms

0 0 0 0 0 0 0 0 0 0 0 1 0 0 0 1 1 0 0 0 3
0 0 0 0 1 0 0 0 0 0 0 1 0 0 0 0 0 0 0 0 3
0 1 0 0 0 0 1 0 0 1 1 0 0 0 0 0 0 0 0 0 7
1 0 0 0 0 0 1 0 0 0 0 0 0 0 0 0 0 0 0 1 8
0 0 0 0 1 0 0 0 0 0 0 0 0 0 0 0 0 0 0 1 7
0 0 0 0 0 1 0 0 0 0 0 1 0 0 0 0 0 0 0 0 7
0 0 0 0 1 1 0 0 0 0 0 1 0 0 0 0 1 0 0 0 7
0 1 1 0 0 0 0 0 0 0 0 0 0 0 1 0 0 1 0 0 9
0 0 0 0 1 0 0 0 0 0 0 1 0 0 0 0 0 0 0 0 9
0 1 0 0 0 0 0 0 0 1 0 0 0 0 1 0 0 0 0 0 7
0 0 0 0 0 0 0 0 0 0 0 0 0 1 0 0 1 0 0 0 6
0 0 0 0 0 0 0 0 1 1 0 0 0 0 0 0 0 0 1 0 7
1 0 0 1 0 0 0 0 0 0 0 0 0 0 0 0 0 0 0 0 6
0 0 0 0 0 0 0 1 0 0 0 0 1 1 0 0 0 0 0 0 8
0 0 0 1 0 0 0 0 0 0 0 0 0 0 0 0 0 1 1 0 5
1 0 1 0 0 0 0 0 0 0 0 0 0 0 0 0 0 0 0 0 2
Tempo Total de Execução: 0.335ms

1 0 1 0 0 0 0 0 0 0 0 0 0 0 0 0 0 0 0 0 2
0 0 0 0 1 0 0 0 0 0 0 1 0 0 0 0 0 0 0 0 4
1 0 0 0 0 0 1 0 0 0 0 0 0 0 0 0 0 0 0 1 6
0 0 0 0 1 0 0 0 0 0 0 0 0 0 0 0 0 0 0 1 6
0 0 0 0 0 1 0 0 0 0 0 1 0 0 0 0 0 0 0 0 6
0 0 0 0 0 0 0 0 0 0 0 1 0 0 0 1 1 0 0 0 8
0 0 0 0 1 0 0 0 0 0 0 1 0 0 0 0 0 0 0 0 7
0 0 0 0 1 1 0 0 0 0 0 1 0 0 0 0 1 0 0 0 7
0 0 0 0 0 0 0 0 0 0 0 0 0 1 0 0 1 0 0 0 5
0 1 0 0 0 0 1 0 0 1 1 0 0 0 0 0 0 0 0 0 7
0 0 0 0 0 0 0 1 0 0 0 0 1 1 0 0 0 0 0 0 7
0 1 1 0 0 0 0 0 0 0 0 0 0 0 1 0 0 1 0 0 6
0 0 0 0 0 0 0 0 1 1 0 0 0 0 0 0 0 0 1 0 7
0 1 0 0 0 0 0 0 0 1 0 0 0 0 1 0 0 0 0 0 6
1 0 0 1 0 0 0 0 0 0 0 0 0 0 0 0 0 0 0 0 4
0 0 0 1 0 0 0 0 0 0 0 0 0 0 0 0 0 1 1 0 3
Tempo Total de Execução: 0.449ms

0 0 0 0 0 1 0 0 0 0 0 1 0 0 0 0 0 0 0 0 2
0 0 0 0 0 0 0 0 1 1 0 0 0 0 0 0 0 0 1 0 5
0 0 0 0 1 1 0 0 0 0 0 1 0 0 0 0 1 0 0 0 6
0 0 0 0 0 0 0 0 0 0 0 0 0 1 0 0 1 0 0 0 6
0 0 0 0 0 0 0 1 0 0 0 0 1 1 0 0 0 0 0 0 8
0 0 0 1 0 0 0 0 0 0 0 0 0 0 0 0 0 1 1 0 7
0 0 0 0 0 0 0 0 0 0 0 1 0 0 0 1 1 0 0 0 7
1 0 0 1 0 0 0 0 0 0 0 0 0 0 0 0 0 0 0 0 6
0 1 1 0 0 0 0 0 0 0 0 0 0 0 1 0 0 1 0 0 8
0 1 0 0 0 0 0 0 0 1 0 0 0 0 1 0 0 0 0 0 7
1 0 1 0 0 0 0 0 0 0 0 0 0 0 0 0 0 0 0 0 6
0 0 0 0 1 0 0 0 0 0 0 1 0 0 0 0 0 0 0 0 5
1 0 0 0 0 0 1 0 0 0 0 0 0 0 0 0 0 0 0 1 7
0 1 0 0 0 0 1 0 0 1 1 0 0 0 0 0 0 0 0 0 7
0 0 0 0 1 0 0 0 0 0 0 1 0 0 0 0 0 0 0 0 3
0 0 0 0 1 0 0 0 0 0 0 0 0 0 0 0 0 0 0 1 2
Tempo Total de Execução: 0.474ms

1 0 0 0 0 0 1 0 0 0 0 0 0 0 0 0 0 0 0 1 3
0 1 0 0 0 0 1 0 0 1 1 0 0 0 0 0 0 0 0 0 6
0 1 0 0 0 0 0 0 0 1 0 0 0 0 1 0 0 0 0 0 5
0 0 0 0 0 0 0 1 0 0 0 0 1 1 0 0 0 0 0 0 8
1 0 1 0 0 0 0 0 0 0 0 0 0 0 0 0 0 0 0 0 7
0 0 0 0 0 0 0 0 0 0 0 0 0 1 0 0 1 0 0 0 8
0 1 1 0 0 0 0 0 0 0 0 0 0 0 1 0 0 1 0 0 8
1 0 0 1 0 0 0 0 0 0 0 0 0 0 0 0 0 0 0 0 6
0 0 0 0 0 0 0 0 1 1 0 0 0 0 0 0 0 0 1 0 7
0 0 0 1 0 0 0 0 0 0 0 0 0 0 0 0 0 1 1 0 5
0 0 0 0 1 0 0 0 0 0 0 0 0 0 0 0 0 0 0 1 3
0 0 0 0 0 1 0 0 0 0 0 1 0 0 0 0 0 0 0 0 4
0 0 0 0 1 0 0 0 0 0 0 1 0 0 0 0 0 0 0 0 4
0 0 0 0 1 0 0 0 0 0 0 1 0 0 0 0 0 0 0 0 4
0 0 0 0 0 0 0 0 0 0 0 1 0 0 0 1 1 0 0 0 5
0 0 0 0 1 1 0 0 0 0 0 1 0 0 0 0 1 0 0 0 4
Tempo Total de Execução: 0.329ms

0 0 0 0 1 1 0 0 0 0 0 1 0 0 0 0 1 0 0 0 4
0 0 0 0 0 0 0 0 0 0 0 1 0 0 0 1 1 0 0 0 5
0 0 0 0 0 1 0 0 0 0 0 1 0 0 0 0 0 0 0 0 4
0 0 0 0 0 0 0 0 0 0 0 0 0 1 0 0 1 0 0 0 4
0 0 0 0 0 0 0 1 0 0 0 0 1 1 0 0 0 0 0 0 5
0 1 0 0 0 0 0 0 0 1 0 0 0 0 1 0 0 0 0 0 5
0 0 0 0 1 0 0 0 0 0 0 1 0 0 0 0 0 0 0 0 5
0 1 1 0 0 0 0 0 0 0 0 0 0 0 1 0 0 1 0 0 7
0 0 0 0 1 0 0 0 0 0 0 1 0 0 0 0 0 0 0 0 6
1 0 0 1 0 0 0 0 0 0 0 0 0 0 0 0 0 0 0 0 7
1 0 1 0 0 0 0 0 0 0 0 0 0 0 0 0 0 0 0 0 7
0 0 0 0 0 0 0 0 1 1 0 0 0 0 0 0 0 0 1 0 8
0 0 0 1 0 0 0 0 0 0 0 0 0 0 0 0 0 1 1 0 7
1 0 0 0 0 0 1 0 0 0 0 0 0 0 0 0 0 0 0 1 6
0 1 0 0 0 0 1 0 0 1 1 0 0 0 0 0 0 0 0 0 6
0 0 0 0 1 0 0 0 0 0 0 0 0 0 0 0 0 0 0 1 2
Tempo Total de Execução: 0.379ms

0 0 0 0 0 1 0 0 0 0 0 1 0 0 0 0 0 0 0 0 2
0 0 0 0 0 0 0 0 0 0 0 0 0 1 0 0 1 0 0 0 4
0 0 0 0 1 0 0 0 0 0 0 1 0 0 0 0 0 0 0 0 5
0 0 0 0 1 1 0 0 0 0 0 1 0 0 0 0 1 0 0 0 5
0 0 0 1 0 0 0 0 0 0 0 0 0 0 0 0 0 1 1 0 7
0 0 0 0 0 0 0 1 0 0 0 0 1 1 0 0 0 0 0 0 9
1 0 0 1 0 0 0 0 0 0 0 0 0 0 0 0 0 0 0 0 7
0 0 0 0 1 0 0 0 0 0 0 0 0 0 0 0 0 0 0 1 7
0 0 0 0 0 0 0 0 1 1 0 0 0 0 0 0 0 0 1 0 9
1 0 1 0 0 0 0 0 0 0 0 0 0 0 0 0 0 0 0 0 8
0 0 0 0 0 0 0 0 0 0 0 1 0 0 0 1 1 0 0 0 9
1 0 0 0 0 0 1 0 0 0 0 0 0 0 0 0 0 0 0 1 8
0 1 0 0 0 0 0 0 0 1 0 0 0 0 1 0 0 0 0 0 8
0 1 1 0 0 0 0 0 0 0 0 0 0 0 1 0 0 1 0 0 8
0 0 0 0 1 0 0 0 0 0 0 1 0 0 0 0 0 0 0 0 5
0 1 0 0 0 0 1 0 0 1 1 0 0 0 0 0 0 0 0 0 4
Tempo Total de Execução: 0.395ms

0 0 0 1 0 0 0 0 0 0 0 0 0 0 0 0 0 1 1 0 3
0 0 0 0 0 0 0 0 0 0 0 0 0 1 0 0 1 0 0 0 5
0 0 0 0 0 0 0 1 0 0 0 0 1 1 0 0 0 0 0 0 7
0 1 0 0 0 0 1 0 0 1 1 0 0 0 0 0 0 0 0 0 8
0 0 0 0 0 0 0 0 1 1 0 0 0 0 0 0 0 0 1 0 8
0 1 0 0 0 0 0 0 0 1 0 0 0 0 1 0 0 0 0 0 7
0 1 1 0 0 0 0 0 0 0 0 0 0 0 1 0 0 1 0 0 7
0 0 0 0 1 0 0 0 0 0 0 0 0 0 0 0 0 0 0 1 6
1 0 0 0 0 0 1 0 0 0 0 0 0 0 0 0 0 0 0 1 7
1 0 0 1 0 0 0 0 0 0 0 0 0 0 0 0 0 0 0 0 5
0 0 0 0 1 0 0 0 0 0 0 1 0 0 0 0 0 0 0 0 5
0 0 0 0 1 1 0 0 0 0 0 1 0 0 0 0 1 0 0 0 6
0 0 0 0 1 0 0 0 0 0 0 1 0 0 0 0 0 0 0 0 6
0 0 0 0 0 1 0 0 0 0 0 1 0 0 0 0 0 0 0 0 5
0 0 0 0 0 0 0 0 0 0 0 1 0 0 0 1 1 0 0 0 5
1 0 1 0 0 0 0 0 0 0 0 0 0 0 0 0 0 0 0 0 2
Tempo Total de Execução: 0.394ms

0 0 0 0 1 0 0 0 0 0 0 0 0 0 0 0 0 0 0 1 2
0 0 0 0 1 1 0 0 0 0 0 1 0 0 0 0 1 0 0 0 5
0 0 0 0 1 0 0 0 0 0 0 1 0 0 0 0 0 0 0 0 5
0 0 0 0 0 1 0 0 0 0 0 1 0 0 0 0 0 0 0 0 5
0 0 0 0 0 0 0 1 0 0 0 0 1 1 0 0 0 0 0 0 7
0 0 0 0 0 0 0 0 0 0 0 1 0 0 0 1 1 0 0 0 6
1 0 1 0 0 0 0 0 0 0 0 0 0 0 0 0 0 0 0 0 7
0 0 0 0 0 0 0 0 0 0 0 0 0 1 0 0 1 0 0 0 7
0 0 0 0 0 0 0 0 1 1 0 0 0 0 0 0 0 0 1 0 8
0 0 0 0 1 0 0 0 0 0 0 1 0 0 0 0 0 0 0 0 7
0 0 0 1 0 0 0 0 0 0 0 0 0 0 0 0 0 1 1 0 7
1 0 0 1 0 0 0 0 0 0 0 0 0 0 0 0 0 0 0 0 6
1 0 0 0 0 0 1 0 0 0 0 0 0 0 0 0 0 0 0 1 6
0 1 0 0 0 0 0 0 0 1 0 0 0 0 1 0 0 0 0 0 6
0 1 0 0 0 0 1 0 0 1 1 0 0 0 0 0 0 0 0 0 7
0 1 1 0 0 0 0 0 0 0 0 0 0 0 1 0 0 1 0 0 4
Tempo Total de Execução: 0.622ms

0 0 0 0 1 0 0 0 0 0 0 0 0 0 0 0 0 0 0 1 2
1 0 0 0 0 0 1 0 0 0 0 0 0 0 0 0 0 0 0 1 4
0 1 0 0 0 0 1 0 0 1 1 0 0 0 0 0 0 0 0 0 6
0 0 0 0 0 0 0 1 0 0 0 0 1 1 0 0 0 0 0 0 7
0 0 0 0 0 1 0 0 0 0 0 1 0 0 0 0 0 0 0 0 7
0 0 0 0 0 0 0 0 0 0 0 0 0 1 0 0 1 0 0 0 8
0 0 0 0 1 0 0 0 0 0 0 1 0 0 0 0 0 0 0 0 7
1 0 0 1 0 0 0 0 0 0 0 0 0 0 0 0 0 0 0 0 8
0 0 0 0 1 1 0 0 0 0 0 1 0 0 0 0 1 0 0 0 8
0 0 0 0 0 0 0 0 0 0 0 1 0 0 0 1 1 0 0 0 8
1 0 1 0 0 0 0 0 0 0 0 0 0 0 0 0 0 0 0 0 7
0 0 0 1 0 0 0 0 0 0 0 0 0 0 0 0 0 1 1 0 8
0 0 0 0 0 0 0 0 1 1 0 0 0 0 0 0 0 0 1 0 8
0 1 1 0 0 0 0 0 0 0 0 0 0 0 1 0 0 1 0 0 7
0 0 0 0 1 0 0 0 0 0 0 1 0 0 0 0 0 0 0 0 5
0 1 0 0 0 0 0 0 0 1 0 0 0 0 1 0 0 0 0 0 3
Tempo Total de Execução: 0.411ms

0 0 0 0 0 0 0 1 0 0 0 0 1 1 0 0 0 0 0 0 3
1 0 0 1 0 0 0 0 0 0 0 0 0 0 0 0 0 0 0 0 3
0 0 0 0 0 0 0 0 0 0 0 0 0 1 0 0 1 0 0 0 4
0 0 0 0 0 0 0 0 1 1 0 0 0 0 0 0 0 0 1 0 6
0 0 0 0 0 0 0 0 0 0 0 1 0 0 0 1 1 0 0 0 7
0 0 0 0 1 0 0 0 0 0 0 1 0 0 0 0 0 0 0 0 7
0 0 0 0 1 0 0 0 0 0 0 1 0 0 0 0 0 0 0 0 7
0 0 0 0 1 1 0 0 0 0 0 1 0 0 0 0 1 0 0 0 8
0 0 0 1 0 0 0 0 0 0 0 0 0 0 0 0 0 1 1 0 8
0 0 0 0 0 1 0 0 0 0 0 1 0 0 0 0 0 0 0 0 6
0 1 1 0 0 0 0 0 0 0 0 0 0 0 1 0 0 1 0 0 7
0 1 0 0 0 0 1 0 0 1 1 0 0 0 0 0 0 0 0 0 8
1 0 0 0 0 0 1 0 0 0 0 0 0 0 0 0 0 0 0 1 8
0 1 0 0 0 0 0 0 0 1 0 0 0 0 1 0 0 0 0 0 7
1 0 1 0 0 0 0 0 0 0 0 0 0 0 0 0 0 0 0 0 4
0 0 0 0 1 0 0 0 0 0 0 0 0 0 0 0 0 0 0 1 2
Tempo Total de Execução: 0.543ms

0 0 0 0 0 0 0 0 0 0 0 1 0 0 0 1 1 0 0 0 3
0 0 0 0 1 0 0 0 0 0 0 1 0 0 0 0 0 0 0 0 3
0 1 0 0 0 0 1 0 0 1 1 0 0 0 0 0 0 0 0 0 7
1 0 0 0 0 0 1 0 0 0 0 0 0 0 0 0 0 0 0 1 8
0 0 0 0 1 0 0 0 0 0 0 0 0 0 0 0 0 0 0 1 7
0 0 0 0 0 1 0 0 0 0 0 1 0 0 0 0 0 0 0 0 7
0 0 0 0 1 1 0 0 0 0 0 1 0 0 0 0 1 0 0 0 7
0 1 1 0 0 0 0 0 0 0 0 0 0 0 1 0 0 1 0 0 9
0 0 0 0 1 0 0 0 0 0 0 1 0 0 0 0 0 0 0 0 9
0 1 0 0 0 0 0 0 0 1 0 0 0 0 1 0 0 0 0 0 7
0 0 0 0 0 0 0 0 0 0 0 0 0 1 0 0 1 0 0 0 6
0 0 0 0 0 0 0 0 1 1 0 0 0 0 0 0 0 0 1 0 7
1 0 0 1 0 0 0 0 0 0 0 0 0 0 0 0 0 0 0 0 6
0 0 0 0 0 0 0 1 0 0 0 0 1 1 0 0 0 0 0 0 8
0 0 0 1 0 0 0 0 0 0 0 0 0 0 0 0 0 1 1 0 5
1 0 1 0 0 0 0 0 0 0 0 0 0 0 0 0 0 0 0 0 2
Tempo Total de Execução: 0.351ms

1 0 1 0 0 0 0 0 0 0 0 0 0 0 0 0 0 0 0 0 2
0 0 0 0 1 0 0 0 0 0 0 1 0 0 0 0 0 0 0 0 4
1 0 0 0 0 0 1 0 0 0 0 0 0 0 0 0 0 0 0 1 6
0 0 0 0 1 0 0 0 0 0 0 0 0 0 0 0 0 0 0 1 6
0 0 0 0 0 1 0 0 0 0 0 1 0 0 0 0 0 0 0 0 6
0 0 0 0 0 0 0 0 0 0 0 1 0 0 0 1 1 0 0 0 8
0 0 0 0 1 0 0 0 0 0 0 1 0 0 0 0 0 0 0 0 7
0 0 0 0 1 1 0 0 0 0 0 1 0 0 0 0 1 0 0 0 7
0 0 0 0 0 0 0 0 0 0 0 0 0 1 0 0 1 0 0 0 5
0 1 0 0 0 0 1 0 0 1 1 0 0 0 0 0 0 0 0 0 7
0 0 0 0 0 0 0 1 0 0 0 0 1 1 0 0 0 0 0 0 7
0 1 1 0 0 0 0 0 0 0 0 0 0 0 1 0 0 1 0 0 6
0 0 0 0 0 0 0 0 1 1 0 0 0 0 0 0 0 0 1 0 7
0 1 0 0 0 0 0 0 0 1 0 0 0 0 1 0 0 0 0 0 6
1 0 0 1 0 0 0 0 0 0 0 0 0 0 0 0 0 0 0 0 4
0 0 0 1 0 0 0 0 0 0 0 0 0 0 0 0 0 1 1 0 3
Tempo Total de Execução: 0.557ms

0 0 0 0 0 1 0 0 0 0 0 1 0 0 0 0 0 0 0 0 2
0 0 0 0 0 0 0 0 1 1 0 0 0 0 0 0 0 0 1 0 5
0 0 0 0 1 1 0 0 0 0 0 1 0 0 0 0 1 0 0 0 6
0 0 0 0 0 0 0 0 0 0 0 0 0 1 0 0 1 0 0 0 6
0 0 0 0 0 0 0 1 0 0 0 0 1 1 0 0 0 0 0 0 8
0 0 0 1 0 0 0 0 0 0 0 0 0 0 0 0 0 1 1 0 7
0 0 0 0 0 0 0 0 0 0 0 1 0 0 0 1 1 0 0 0 7
1 0 0 1 0 0 0 0 0 0 0 0 0 0 0 0 0 0 0 0 6
0 1 1 0 0 0 0 0 0 0 0 0 0 0 1 0 0 1 0 0 8
0 1 0 0 0 0 0 0 0 1 0 0 0 0 1 0 0 0 0 0 7
1 0 1 0 0 0 0 0 0 0 0 0 0 0 0 0 0 0 0 0 6
0 0 0 0 1 0 0 0 0 0 0 1 0 0 0 0 0 0 0 0 5
1 0 0 0 0 0 1 0 0 0 0 0 0 0 0 0 0 0 0 1 7
0 1 0 0 0 0 1 0 0 1 1 0 0 0 0 0 0 0 0 0 7
0 0 0 0 1 0 0 0 0 0 0 1 0 0 0 0 0 0 0 0 3
0 0 0 0 1 0 0 0 0 0 0 0 0 0 0 0 0 0 0 1 2
Tempo Total de Execução: 0.616ms

1 0 0 0 0 0 1 0 0 0 0 0 0 0 0 0 0 0 0 1 3
0 1 0 0 0 0 1 0 0 1 1 0 0 0 0 0 0 0 0 0 6
0 1 0 0 0 0 0 0 0 1 0 0 0 0 1 0 0 0 0 0 5
0 0 0 0 0 0 0 1 0 0 0 0 1 1 0 0 0 0 0 0 8
1 0 1 0 0 0 0 0 0 0 0 0 0 0 0 0 0 0 0 0 7
0 0 0 0 0 0 0 0 0 0 0 0 0 1 0 0 1 0 0 0 8
0 1 1 0 0 0 0 0 0 0 0 0 0 0 1 0 0 1 0 0 8
1 0 0 1 0 0 0 0 0 0 0 0 0 0 0 0 0 0 0 0 6
0 0 0 0 0 0 0 0 1 1 0 0 0 0 0 0 0 0 1 0 7
0 0 0 1 0 0 0 0 0 0 0 0 0 0 0 0 0 1 1 0 5
0 0 0 0 1 0 0 0 0 0 0 0 0 0 0 0 0 0 0 1 3
0 0 0 0 0 1 0 0 0 0 0 1 0 0 0 0 0 0 0 0 4
0 0 0 0 1 0 0 0 0 0 0 1 0 0 0 0 0 0 0 0 4
0 0 0 0 1 0 0 0 0 0 0 1 0 0 0 0 0 0 0 0 4
0 0 0 0 0 0 0 0 0 0 0 1 0 0 0 1 1 0 0 0 5
0 0 0 0 1 1 0 0 0 0 0 1 0 0 0 0 1 0 0 0 4
Tempo Total de Execução: 0.371ms

0 0 0 0 1 1 0 0 0 0 0 1 0 0 0 0 1 0 0 0 4
0 0 0 0 0 0 0 0 0 0 0 1 0 0 0 1 1 0 0 0 5
0 0 0 0 0 1 0 0 0 0 0 1 0 0 0 0 0 0 0 0 4
0 0 0 0 0 0 0 0 0 0 0 0 0 1 0 0 1 0 0 0 4
0 0 0 0 0 0 0 1 0 0 0 0 1 1 0 0 0 0 0 0 5
0 1 0 0 0 0 0 0 0 1 0 0 0 0 1 0 0 0 0 0 5
0 0 0 0 1 0 0 0 0 0 0 1 0 0 0 0 0 0 0 0 5
0 1 1 0 0 0 0 0 0 0 0 0 0 0 1 0 0 1 0 0 7
0 0 0 0 1 0 0 0 0 0 0 1 0 0 0 0 0 0 0 0 6
1 0 0 1 0 0 0 0 0 0 0 0 0 0 0 0 0 0 0 0 7
1 0 1 0 0 0 0 0 0 0 0 0 0 0 0 0 0 0 0 0 7
0 0 0 0 0 0 0 0 1 1 0 0 0 0 0 0 0 0 1 0 8
0 0 0 1 0 0 0 0 0 0 0 0 0 0 0 0 0 1 1 0 7
1 0 0 0 0 0 1 0 0 0 0 0 0 0 0 0 0 0 0 1 6
0 1 0 0 0 0 1 0 0 1 1 0 0 0 0 0 0 0 0 0 6
0 0 0 0 1 0 0 0 0 0 0 0 0 0 0 0 0 0 0 1 2
Tempo Total de Execução: 0.381ms

0 0 0 0 0 1 0 0 0 0 0 1 0 0 0 0 0 0 0 0 2
0 0 0 0 0 0 0 0 0 0 0 0 0 1 0 0 1 0 0 0 4
0 0 0 0 1 0 0 0 0 0 0 1 0 0 0 0 0 0 0 0 5
0 0 0 0 1 1 0 0 0 0 0 1 0 0 0 0 1 0 0 0 5
0 0 0 1 0 0 0 0 0 0 0 0 0 0 0 0 0 1 1 0 7
0 0 0 0 0 0 0 1 0 0 0 0 1 1 0 0 0 0 0 0 9
1 0 0 1 0 0 0 0 0 0 0 0 0 0 0 0 0 0 0 0 7
0 0 0 0 1 0 0 0 0 0 0 0 0 0 0 0 0 0 0 1 7
0 0 0 0 0 0 0 0 1 1 0 0 0 0 0 0 0 0 1 0 9
1 0 1 0 0 0 0 0 0 0 0 0 0 0 0 0 0 0 0 0 8
0 0 0 0 0 0 0 0 0 0 0 1 0 0 0 1 1 0 0 0 9
1 0 0 0 0 0 1 0 0 0 0 0 0 0 0 0 0 0 0 1 8
0 1 0 0 0 0 0 0 0 1 0 0 0 0 1 0 0 0 0 0 8
0 1 1 0 0 0 0 0 0 0 0 0 0 0 1 0 0 1 0 0 8
0 0 0 0 1 0 0 0 0 0 0 1 0 0 0 0 0 0 0 0 5
0 1 0 0 0 0 1 0 0 1 1 0 0 0 0 0 0 0 0 0 4
Tempo Total de Execução: 0.341ms

0 0 0 1 0 0 0 0 0 0 0 0 0 0 0 0 0 1 1 0 3
0 0 0 0 0 0 0 0 0 0 0 0 0 1 0 0 1 0 0 0 5
0 0 0 0 0 0 0 1 0 0 0 0 1 1 0 0 0 0 0 0 7
0 1 0 0 0 0 1 0 0 1 1 0 0 0 0 0 0 0 0 0 8
0 0 0 0 0 0 0 0 1 1 0 0 0 0 0 0 0 0 1 0 8
0 1 0 0 0 0 0 0 0 1 0 0 0 0 1 0 0 0 0 0 7
0 1 1 0 0 0 0 0 0 0 0 0 0 0 1 0 0 1 0 0 7
0 0 0 0 1 0 0 0 0 0 0 0 0 0 0 0 0 0 0 1 6
1 0 0 0 0 0 1 0 0 0 0 0 0 0 0 0 0 0 0 1 7
1 0 0 1 0 0 0 0 0 0 0 0 0 0 0 0 0 0 0 0 5
0 0 0 0 1 0 0 0 0 0 0 1 0 0 0 0 0 0 0 0 5
0 0 0 0 1 1 0 0 0 0 0 1 0 0 0 0 1 0 0 0 6
0 0 0 0 1 0 0 0 0 0 0 1 0 0 0 0 0 0 0 0 6
0 0 0 0 0 1 0 0 0 0 0 1 0 0 0 0 0 0 0 0 5
0 0 0 0 0 0 0 0 0 0 0 1 0 0 0 1 1 0 0 0 5
1 0 1 0 0 0 0 0 0 0 0 0 0 0 0 0 0 0 0 0 2
Tempo Total de Execução: 0.349ms

0 0 0 0 1 0 0 0 0 0 0 0 0 0 0 0 0 0 0 1 2
0 0 0 0 1 1 0 0 0 0 0 1 0 0 0 0 1 0 0 0 5
0 0 0 0 1 0 0 0 0 0 0 1 0 0 0 0 0 0 0 0 5
0 0 0 0 0 1 0 0 0 0 0 1 0 0 0 0 0 0 0 0 5
0 0 0 0 0 0 0 1 0 0 0 0 1 1 0 0 0 0 0 0 7
0 0 0 0 0 0 0 0 0 0 0 1 0 0 0 1 1 0 0 0 6
1 0 1 0 0 0 0 0 0 0 0 0 0 0 0 0 0 0 0 0 7
0 0 0 0 0 0 0 0 0 0 0 0 0 1 0 0 1 0 0 0 7
0 0 0 0 0 0 0 0 1 1 0 0 0 0 0 0 0 0 1 0 8
0 0 0 0 1 0 0 0 0 0 0 1 0 0 0 0 0 0 0 0 7
0 0 0 1 0 0 0 0 0 0 0 0 0 0 0 0 0 1 1 0 7
1 0 0 1 0 0 0 0 0 0 0 0 0 0 0 0 0 0 0 0 6
1 0 0 0 0 0 1 0 0 0 0 0 0 0 0 0 0 0 0 1 6
0 1 0 0 0 0 0 0 0 1 0 0 0 0 1 0 0 0 0 0 6
0 1 0 0 0 0 1 0 0 1 1 0 0 0 0 0 0 0 0 0 7
0 1 1 0 0 0 0 0 0 0 0 0 0 0 1 0 0 1 0 0 4
Tempo Total de Execução: 0.579ms

0 0 0 0 1 0 0 0 0 0 0 0 0 0 0 0 0 0 0 1 2
1 0 0 0 0 0 1 0 0 0 0 0 0 0 0 0 0 0 0 1 4
0 1 0 0 0 0 1 0 0 1 1 0 0 0 0 0 0 0 0 0 6
0 0 0 0 0 0 0 1 0 0 0 0 1 1 0 0 0 0 0 0 7
0 0 0 0 0 1 0 0 0 0 0 1 0 0 0 0 0 0 0 0 7
0 0 0 0 0 0 0 0 0 0 0 0 0 1 0 0 1 0 0 0 8
0 0 0 0 1 0 0 0 0 0 0 1 0 0 0 0 0 0 0 0 7
1 0 0 1 0 0 0 0 0 0 0 0 0 0 0 0 0 0 0 0 8
0 0 0 0 1 1 0 0 0 0 0 1 0 0 0 0 1 0 0 0 8
0 0 0 0 0 0 0 0 0 0 0 1 0 0 0 1 1 0 0 0 8
1 0 1 0 0 0 0 0 0 0 0 0 0 0 0 0 0 0 0 0 7
0 0 0 1 0 0 0 0 0 0 0 0 0 0 0 0 0 1 1 0 8
0 0 0 0 0 0 0 0 1 1 0 0 0 0 0 0 0 0 1 0 8
0 1 1 0 0 0 0 0 0 0 0 0 0 0 1 0 0 1 0 0 7
0 0 0 0 1 0 0 0 0 0 0 1 0 0 0 0 0 0 0 0 5
0 1 0 0 0 0 0 0 0 1 0 0 0 0 1 0 0 0 0 0 3
Tempo Total de Execução: 0.337ms

