0 0 0 0 0 0 0 0 0 0 0 1 0 0 0 1 1 0 0 0 3
0 0 0 0 0 0 0 0 0 0 0 0 0 1 0 0 1 0 0 0 3
0 0 0 0 0 1 0 0 0 0 0 1 0 0 0 0 0 0 0 0 4
0 0 0 0 1 0 0 0 0 0 0 1 0 0 0 0 0 0 0 0 5
1 0 0 1 0 0 0 0 0 0 0 0 0 0 0 0 0 0 0 0 7
1 0 1 0 0 0 0 0 0 0 0 0 0 0 0 0 0 0 0 0 8
0 0 0 0 1 1 0 0 0 0 0 1 0 0 0 0 1 0 0 0 8
0 0 0 1 0 0 0 0 0 0 0 0 0 0 0 0 0 1 1 0 8
0 0 0 0 1 0 0 0 0 0 0 0 0 0 0 0 0 0 0 1 8
0 0 0 0 1 0 0 0 0 0 0 1 0 0 0 0 0 0 0 0 8
0 0 0 0 0 0 0 0 1 1 0 0 0 0 0 0 0 0 1 0 8
0 1 0 0 0 0 0 0 0 1 0 0 0 0 1 0 0 0 0 0 8
0 1 1 0 0 0 0 0 0 0 0 0 0 0 1 0 0 1 0 0 8
0 0 0 0 0 0 0 1 0 0 0 0 1 1 0 0 0 0 0 0 7
1 0 0 0 0 0 1 0 0 0 0 0 0 0 0 0 0 0 0 1 5
0 1 0 0 0 0 1 0 0 1 1 0 0 0 0 0 0 0 0 0 4
Tempo Total de Execução: 0.197ms

0 0 0 0 1 0 0 0 0 0 0 1 0 0 0 0 0 0 0 0 2
0 0 0 0 0 0 0 0 1 1 0 0 0 0 0 0 0 0 1 0 5
0 0 0 0 0 1 0 0 0 0 0 1 0 0 0 0 0 0 0 0 5
0 0 0 0 1 0 0 0 0 0 0 1 0 0 0 0 0 0 0 0 5
0 1 1 0 0 0 0 0 0 0 0 0 0 0 1 0 0 1 0 0 9
0 1 0 0 0 0 0 0 0 1 0 0 0 0 1 0 0 0 0 0 9
0 0 0 1 0 0 0 0 0 0 0 0 0 0 0 0 0 1 1 0 9
0 0 0 0 0 0 0 0 0 0 0 1 0 0 0 1 1 0 0 0 9
0 0 0 0 1 0 0 0 0 0 0 0 0 0 0 0 0 0 0 1 9
0 0 0 0 1 1 0 0 0 0 0 1 0 0 0 0 1 0 0 0 9
0 0 0 0 0 0 0 0 0 0 0 0 0 1 0 0 1 0 0 0 7
1 0 0 0 0 0 1 0 0 0 0 0 0 0 0 0 0 0 0 1 8
1 0 0 1 0 0 0 0 0 0 0 0 0 0 0 0 0 0 0 0 7
0 0 0 0 0 0 0 1 0 0 0 0 1 1 0 0 0 0 0 0 8
0 1 0 0 0 0 1 0 0 1 1 0 0 0 0 0 0 0 0 0 6
1 0 1 0 0 0 0 0 0 0 0 0 0 0 0 0 0 0 0 0 2
Tempo Total de Execução: 0.145ms

0 0 0 0 0 0 0 0 0 0 0 0 0 1 0 0 1 0 0 0 2
0 0 0 0 0 0 0 0 0 0 0 1 0 0 0 1 1 0 0 0 4
0 0 0 0 1 0 0 0 0 0 0 1 0 0 0 0 0 0 0 0 4
0 0 0 0 1 0 0 0 0 0 0 0 0 0 0 0 0 0 0 1 5
0 0 0 0 1 0 0 0 0 0 0 1 0 0 0 0 0 0 0 0 5
1 0 0 1 0 0 0 0 0 0 0 0 0 0 0 0 0 0 0 0 7
0 0 0 0 0 1 0 0 0 0 0 1 0 0 0 0 0 0 0 0 8
0 0 0 0 1 1 0 0 0 0 0 1 0 0 0 0 1 0 0 0 8
0 0 0 0 0 0 0 0 1 1 0 0 0 0 0 0 0 0 1 0 7
0 0 0 0 0 0 0 1 0 0 0 0 1 1 0 0 0 0 0 0 8
0 1 0 0 0 0 1 0 0 1 1 0 0 0 0 0 0 0 0 0 8
1 0 0 0 0 0 1 0 0 0 0 0 0 0 0 0 0 0 0 1 7
0 0 0 1 0 0 0 0 0 0 0 0 0 0 0 0 0 1 1 0 6
0 1 0 0 0 0 0 0 0 1 0 0 0 0 1 0 0 0 0 0 5
1 0 1 0 0 0 0 0 0 0 0 0 0 0 0 0 0 0 0 0 5
0 1 1 0 0 0 0 0 0 0 0 0 0 0 1 0 0 1 0 0 4
Tempo Total de Execução: 0.362ms

0 0 0 0 1 0 0 0 0 0 0 1 0 0 0 0 0 0 0 0 2
0 0 0 0 1 0 0 0 0 0 0 0 0 0 0 0 0 0 0 1 3
0 0 0 0 1 0 0 0 0 0 0 1 0 0 0 0 0 0 0 0 3
1 0 1 0 0 0 0 0 0 0 0 0 0 0 0 0 0 0 0 0 5
1 0 0 1 0 0 0 0 0 0 0 0 0 0 0 0 0 0 0 0 6
1 0 0 0 0 0 1 0 0 0 0 0 0 0 0 0 0 0 0 1 7
0 0 0 0 0 1 0 0 0 0 0 1 0 0 0 0 0 0 0 0 6
0 0 0 0 1 1 0 0 0 0 0 1 0 0 0 0 1 0 0 0 7
0 1 1 0 0 0 0 0 0 0 0 0 0 0 1 0 0 1 0 0 8
0 0 0 0 0 0 0 0 0 0 0 1 0 0 0 1 1 0 0 0 8
0 0 0 0 0 0 0 0 0 0 0 0 0 1 0 0 1 0 0 0 7
0 0 0 0 0 0 0 1 0 0 0 0 1 1 0 0 0 0 0 0 8
0 0 0 0 0 0 0 0 1 1 0 0 0 0 0 0 0 0 1 0 8
0 1 0 0 0 0 0 0 0 1 0 0 0 0 1 0 0 0 0 0 7
0 0 0 1 0 0 0 0 0 0 0 0 0 0 0 0 0 1 1 0 6
0 1 0 0 0 0 1 0 0 1 1 0 0 0 0 0 0 0 0 0 4
Tempo Total de Execução: 0.247ms

0 0 0 0 0 0 0 1 0 0 0 0 1 1 0 0 0 0 0 0 3
0 1 0 0 0 0 1 0 0 1 1 0 0 0 0 0 0 0 0 0 5
1 0 0 0 0 0 1 0 0 0 0 0 0 0 0 0 0 0 0 1 6
0 0 0 0 0 0 0 0 1 1 0 0 0 0 0 0 0 0 1 0 7
1 0 1 0 0 0 0 0 0 0 0 0 0 0 0 0 0 0 0 0 7
0 1 0 0 0 0 0 0 0 1 0 0 0 0 1 0 0 0 0 0 8
0 0 0 0 1 0 0 0 0 0 0 0 0 0 0 0 0 0 0 1 8
0 1 1 0 0 0 0 0 0 0 0 0 0 0 1 0 0 1 0 0 8
0 0 0 0 0 0 0 0 0 0 0 0 0 1 0 0 1 0 0 0 6
0 0 0 0 0 1 0 0 0 0 0 1 0 0 0 0 0 0 0 0 7
0 0 0 0 0 0 0 0 0 0 0 1 0 0 0 1 1 0 0 0 8
0 0 0 0 1 0 0 0 0 0 0 1 0 0 0 0 0 0 0 0 7
0 0 0 0 1 0 0 0 0 0 0 1 0 0 0 0 0 0 0 0 7
1 0 0 1 0 0 0 0 0 0 0 0 0 0 0 0 0 0 0 0 8
0 0 0 0 1 1 0 0 0 0 0 1 0 0 0 0 1 0 0 0 7
0 0 0 1 0 0 0 0 0 0 0 0 0 0 0 0 0 1 1 0 3
Tempo Total de Execução: 0.188ms

0 1 1 0 0 0 0 0 0 0 0 0 0 0 1 0 0 1 0 0 4
0 1 0 0 0 0 0 0 0 1 0 0 0 0 1 0 0 0 0 0 5
1 0 0 1 0 0 0 0 0 0 0 0 0 0 0 0 0 0 0 0 6
1 0 1 0 0 0 0 0 0 0 0 0 0 0 0 0 0 0 0 0 6
0 1 0 0 0 0 1 0 0 1 1 0 0 0 0 0 0 0 0 0 7
0 0 0 1 0 0 0 0 0 0 0 0 0 0 0 0 0 1 1 0 6
0 0 0 0 0 0 0 0 0 0 0 0 0 1 0 0 1 0 0 0 6
0 0 0 0 0 0 0 0 1 1 0 0 0 0 0 0 0 0 1 0 7
0 0 0 0 0 0 0 1 0 0 0 0 1 1 0 0 0 0 0 0 6
0 0 0 0 1 1 0 0 0 0 0 1 0 0 0 0 1 0 0 0 6
0 0 0 0 1 0 0 0 0 0 0 1 0 0 0 0 0 0 0 0 6
1 0 0 0 0 0 1 0 0 0 0 0 0 0 0 0 0 0 0 1 7
0 0 0 0 0 1 0 0 0 0 0 1 0 0 0 0 0 0 0 0 5
0 0 0 0 0 0 0 0 0 0 0 1 0 0 0 1 1 0 0 0 5
0 0 0 0 1 0 0 0 0 0 0 1 0 0 0 0 0 0 0 0 3
0 0 0 0 1 0 0 0 0 0 0 0 0 0 0 0 0 0 0 1 2
Tempo Total de Execução: 0.318ms

0 0 0 0 1 0 0 0 0 0 0 1 0 0 0 0 0 0 0 0 2
0 0 0 0 0 0 0 1 0 0 0 0 1 1 0 0 0 0 0 0 5
0 0 0 0 1 0 0 0 0 0 0 1 0 0 0 0 0 0 0 0 3
0 0 0 0 1 1 0 0 0 0 0 1 0 0 0 0 1 0 0 0 5
0 0 0 0 0 1 0 0 0 0 0 1 0 0 0 0 0 0 0 0 5
1 0 1 0 0 0 0 0 0 0 0 0 0 0 0 0 0 0 0 0 6
0 0 0 0 0 0 0 0 0 0 0 0 0 1 0 0 1 0 0 0 6
1 0 0 1 0 0 0 0 0 0 0 0 0 0 0 0 0 0 0 0 6
1 0 0 0 0 0 1 0 0 0 0 0 0 0 0 0 0 0 0 1 8
0 0 0 0 1 0 0 0 0 0 0 0 0 0 0 0 0 0 0 1 7
0 0 0 0 0 0 0 0 1 1 0 0 0 0 0 0 0 0 1 0 8
0 0 0 1 0 0 0 0 0 0 0 0 0 0 0 0 0 1 1 0 8
0 0 0 0 0 0 0 0 0 0 0 1 0 0 0 1 1 0 0 0 7
0 1 0 0 0 0 0 0 0 1 0 0 0 0 1 0 0 0 0 0 6
0 1 0 0 0 0 1 0 0 1 1 0 0 0 0 0 0 0 0 0 7
0 1 1 0 0 0 0 0 0 0 0 0 0 0 1 0 0 1 0 0 4
Tempo Total de Execução: 0.133ms

0 0 0 0 0 1 0 0 0 0 0 1 0 0 0 0 0 0 0 0 2
0 0 0 0 1 0 0 0 0 0 0 1 0 0 0 0 0 0 0 0 3
0 0 0 0 1 1 0 0 0 0 0 1 0 0 0 0 1 0 0 0 4
0 0 0 0 1 0 0 0 0 0 0 0 0 0 0 0 0 0 0 1 4
0 0 0 0 1 0 0 0 0 0 0 1 0 0 0 0 0 0 0 0 4
1 0 1 0 0 0 0 0 0 0 0 0 0 0 0 0 0 0 0 0 5
1 0 0 1 0 0 0 0 0 0 0 0 0 0 0 0 0 0 0 0 6
0 0 0 0 0 0 0 0 0 0 0 1 0 0 0 1 1 0 0 0 7
1 0 0 0 0 0 1 0 0 0 0 0 0 0 0 0 0 0 0 1 6
0 0 0 1 0 0 0 0 0 0 0 0 0 0 0 0 0 1 1 0 6
0 0 0 0 0 0 0 1 0 0 0 0 1 1 0 0 0 0 0 0 8
0 0 0 0 0 0 0 0 1 1 0 0 0 0 0 0 0 0 1 0 8
0 1 0 0 0 0 1 0 0 1 1 0 0 0 0 0 0 0 0 0 8
0 1 0 0 0 0 0 0 0 1 0 0 0 0 1 0 0 0 0 0 7
0 1 1 0 0 0 0 0 0 0 0 0 0 0 1 0 0 1 0 0 6
0 0 0 0 0 0 0 0 0 0 0 0 0 1 0 0 1 0 0 0 2
Tempo Total de Execução: 0.156ms

0 0 0 0 1 1 0 0 0 0 0 1 0 0 0 0 1 0 0 0 4
1 0 1 0 0 0 0 0 0 0 0 0 0 0 0 0 0 0 0 0 6
0 0 0 0 0 1 0 0 0 0 0 1 0 0 0 0 0 0 0 0 6
0 0 0 0 1 0 0 0 0 0 0 1 0 0 0 0 0 0 0 0 5
0 0 0 0 1 0 0 0 0 0 0 1 0 0 0 0 0 0 0 0 5
0 0 0 0 1 0 0 0 0 0 0 0 0 0 0 0 0 0 0 1 6
0 0 0 0 0 0 0 0 0 0 0 0 0 1 0 0 1 0 0 0 6
1 0 0 0 0 0 1 0 0 0 0 0 0 0 0 0 0 0 0 1 7
1 0 0 1 0 0 0 0 0 0 0 0 0 0 0 0 0 0 0 0 7
0 0 0 0 0 0 0 0 0 0 0 1 0 0 0 1 1 0 0 0 7
0 1 0 0 0 0 1 0 0 1 1 0 0 0 0 0 0 0 0 0 7
0 1 0 0 0 0 0 0 0 1 0 0 0 0 1 0 0 0 0 0 6
0 1 1 0 0 0 0 0 0 0 0 0 0 0 1 0 0 1 0 0 7
0 0 0 0 0 0 0 1 0 0 0 0 1 1 0 0 0 0 0 0 6
0 0 0 1 0 0 0 0 0 0 0 0 0 0 0 0 0 1 1 0 4
0 0 0 0 0 0 0 0 1 1 0 0 0 0 0 0 0 0 1 0 3
Tempo Total de Execução: 0.212ms

0 0 0 0 0 1 0 0 0 0 0 1 0 0 0 0 0 0 0 0 2
0 0 0 0 1 1 0 0 0 0 0 1 0 0 0 0 1 0 0 0 4
0 0 0 0 0 0 0 0 0 0 0 0 0 1 0 0 1 0 0 0 4
0 0 0 0 1 0 0 0 0 0 0 1 0 0 0 0 0 0 0 0 4
0 0 0 0 0 0 0 1 0 0 0 0 1 1 0 0 0 0 0 0 6
1 0 1 0 0 0 0 0 0 0 0 0 0 0 0 0 0 0 0 0 5
0 0 0 0 1 0 0 0 0 0 0 1 0 0 0 0 0 0 0 0 5
0 0 0 0 1 0 0 0 0 0 0 0 0 0 0 0 0 0 0 1 6
0 0 0 0 0 0 0 0 0 0 0 1 0 0 0 1 1 0 0 0 6
0 0 0 0 0 0 0 0 1 1 0 0 0 0 0 0 0 0 1 0 6
1 0 0 0 0 0 1 0 0 0 0 0 0 0 0 0 0 0 0 1 6
0 1 0 0 0 0 1 0 0 1 1 0 0 0 0 0 0 0 0 0 7
0 1 1 0 0 0 0 0 0 0 0 0 0 0 1 0 0 1 0 0 7
0 1 0 0 0 0 0 0 0 1 0 0 0 0 1 0 0 0 0 0 6
0 0 0 1 0 0 0 0 0 0 0 0 0 0 0 0 0 1 1 0 4
1 0 0 1 0 0 0 0 0 0 0 0 0 0 0 0 0 0 0 0 2
Tempo Total de Execução: 0.106ms

0 0 0 1 0 0 0 0 0 0 0 0 0 0 0 0 0 1 1 0 3
0 1 0 0 0 0 1 0 0 1 1 0 0 0 0 0 0 0 0 0 7
0 0 0 0 0 0 0 0 1 1 0 0 0 0 0 0 0 0 1 0 7
1 0 0 1 0 0 0 0 0 0 0 0 0 0 0 0 0 0 0 0 6
1 0 0 0 0 0 1 0 0 0 0 0 0 0 0 0 0 0 0 1 6
0 0 0 0 1 0 0 0 0 0 0 0 0 0 0 0 0 0 0 1 6
1 0 1 0 0 0 0 0 0 0 0 0 0 0 0 0 0 0 0 0 6
0 0 0 0 1 0 0 0 0 0 0 1 0 0 0 0 0 0 0 0 6
0 1 1 0 0 0 0 0 0 0 0 0 0 0 1 0 0 1 0 0 7
0 0 0 0 0 1 0 0 0 0 0 1 0 0 0 0 0 0 0 0 6
0 1 0 0 0 0 0 0 0 1 0 0 0 0 1 0 0 0 0 0 6
0 0 0 0 0 0 0 0 0 0 0 0 0 1 0 0 1 0 0 0 5
0 0 0 0 1 0 0 0 0 0 0 1 0 0 0 0 0 0 0 0 5
0 0 0 0 0 0 0 1 0 0 0 0 1 1 0 0 0 0 0 0 7
0 0 0 0 1 1 0 0 0 0 0 1 0 0 0 0 1 0 0 0 4
0 0 0 0 0 0 0 0 0 0 0 1 0 0 0 1 1 0 0 0 3
Tempo Total de Execução: 0.222ms

1 0 1 0 0 0 0 0 0 0 0 0 0 0 0 0 0 0 0 0 2
0 0 0 0 0 0 0 0 0 0 0 0 0 1 0 0 1 0 0 0 4
0 0 0 0 0 0 0 0 0 0 0 1 0 0 0 1 1 0 0 0 6
0 0 0 0 1 1 0 0 0 0 0 1 0 0 0 0 1 0 0 0 7
0 0 0 0 0 1 0 0 0 0 0 1 0 0 0 0 0 0 0 0 6
0 0 0 0 1 0 0 0 0 0 0 1 0 0 0 0 0 0 0 0 5
0 0 0 0 1 0 0 0 0 0 0 1 0 0 0 0 0 0 0 0 5
0 0 0 1 0 0 0 0 0 0 0 0 0 0 0 0 0 1 1 0 7
1 0 0 1 0 0 0 0 0 0 0 0 0 0 0 0 0 0 0 0 7
0 1 1 0 0 0 0 0 0 0 0 0 0 0 1 0 0 1 0 0 8
0 1 0 0 0 0 0 0 0 1 0 0 0 0 1 0 0 0 0 0 7
0 0 0 0 1 0 0 0 0 0 0 0 0 0 0 0 0 0 0 1 7
0 0 0 0 0 0 0 0 1 1 0 0 0 0 0 0 0 0 1 0 7
0 0 0 0 0 0 0 1 0 0 0 0 1 1 0 0 0 0 0 0 7
0 1 0 0 0 0 1 0 0 1 1 0 0 0 0 0 0 0 0 0 6
1 0 0 0 0 0 1 0 0 0 0 0 0 0 0 0 0 0 0 1 3
Tempo Total de Execução: 0.269ms

0 0 0 0 1 0 0 0 0 0 0 1 0 0 0 0 0 0 0 0 2
0 0 0 0 0 1 0 0 0 0 0 1 0 0 0 0 0 0 0 0 3
1 0 1 0 0 0 0 0 0 0 0 0 0 0 0 0 0 0 0 0 5
0 0 0 0 0 0 0 0 0 0 0 0 0 1 0 0 1 0 0 0 7
0 0 0 0 1 0 0 0 0 0 0 1 0 0 0 0 0 0 0 0 7
0 0 0 0 1 1 0 0 0 0 0 1 0 0 0 0 1 0 0 0 7
0 0 0 0 1 0 0 0 0 0 0 0 0 0 0 0 0 0 0 1 7
0 0 0 0 0 0 0 0 0 0 0 1 0 0 0 1 1 0 0 0 7
0 0 0 0 0 0 0 1 0 0 0 0 1 1 0 0 0 0 0 0 6
0 0 0 0 0 0 0 0 1 1 0 0 0 0 0 0 0 0 1 0 6
0 0 0 1 0 0 0 0 0 0 0 0 0 0 0 0 0 1 1 0 7
1 0 0 0 0 0 1 0 0 0 0 0 0 0 0 0 0 0 0 1 7
1 0 0 1 0 0 0 0 0 0 0 0 0 0 0 0 0 0 0 0 6
0 1 0 0 0 0 0 0 0 1 0 0 0 0 1 0 0 0 0 0 6
0 1 1 0 0 0 0 0 0 0 0 0 0 0 1 0 0 1 0 0 6
0 1 0 0 0 0 1 0 0 1 1 0 0 0 0 0 0 0 0 0 4
Tempo Total de Execução: 0.352ms

0 0 0 0 1 0 0 0 0 0 0 1 0 0 0 0 0 0 0 0 2
0 0 0 0 0 0 0 0 0 0 0 1 0 0 0 1 1 0 0 0 4
0 0 0 0 0 0 0 0 0 0 0 0 0 1 0 0 1 0 0 0 4
0 0 0 0 1 0 0 0 0 0 0 1 0 0 0 0 0 0 0 0 4
0 0 0 0 0 1 0 0 0 0 0 1 0 0 0 0 0 0 0 0 5
0 0 0 0 0 0 0 1 0 0 0 0 1 1 0 0 0 0 0 0 7
1 0 0 1 0 0 0 0 0 0 0 0 0 0 0 0 0 0 0 0 6
1 0 1 0 0 0 0 0 0 0 0 0 0 0 0 0 0 0 0 0 7
0 0 0 0 1 1 0 0 0 0 0 1 0 0 0 0 1 0 0 0 7
0 0 0 0 0 0 0 0 1 1 0 0 0 0 0 0 0 0 1 0 7
0 0 0 1 0 0 0 0 0 0 0 0 0 0 0 0 0 1 1 0 7
0 1 0 0 0 0 0 0 0 1 0 0 0 0 1 0 0 0 0 0 7
0 1 1 0 0 0 0 0 0 0 0 0 0 0 1 0 0 1 0 0 7
0 0 0 0 1 0 0 0 0 0 0 0 0 0 0 0 0 0 0 1 5
1 0 0 0 0 0 1 0 0 0 0 0 0 0 0 0 0 0 0 1 5
0 1 0 0 0 0 1 0 0 1 1 0 0 0 0 0 0 0 0 0 4
Tempo Total de Execução: 0.142ms

0 0 0 0 0 0 0 0 1 1 0 0 0 0 0 0 0 0 1 0 3
0 1 0 0 0 0 1 0 0 1 1 0 0 0 0 0 0 0 0 0 5
1 0 0 0 0 0 1 0 0 0 0 0 0 0 0 0 0 0 0 1 6
0 1 0 0 0 0 0 0 0 1 0 0 0 0 1 0 0 0 0 0 6
0 0 0 0 1 0 0 0 0 0 0 0 0 0 0 0 0 0 0 1 6
0 1 1 0 0 0 0 0 0 0 0 0 0 0 1 0 0 1 0 0 7
0 0 0 0 1 0 0 0 0 0 0 1 0 0 0 0 0 0 0 0 6
0 0 0 0 1 1 0 0 0 0 0 1 0 0 0 0 1 0 0 0 8
1 0 1 0 0 0 0 0 0 0 0 0 0 0 0 0 0 0 0 0 8
0 0 0 0 0 1 0 0 0 0 0 1 0 0 0 0 0 0 0 0 7
0 0 0 0 0 0 0 0 0 0 0 0 0 1 0 0 1 0 0 0 7
1 0 0 1 0 0 0 0 0 0 0 0 0 0 0 0 0 0 0 0 8
0 0 0 0 0 0 0 0 0 0 0 1 0 0 0 1 1 0 0 0 8
0 0 0 1 0 0 0 0 0 0 0 0 0 0 0 0 0 1 1 0 6
0 0 0 0 1 0 0 0 0 0 0 1 0 0 0 0 0 0 0 0 3
0 0 0 0 0 0 0 1 0 0 0 0 1 1 0 0 0 0 0 0 3
Tempo Total de Execução: 0.226ms

0 0 0 0 1 0 0 0 0 0 0 1 0 0 0 0 0 0 0 0 2
0 0 0 0 1 0 0 0 0 0 0 1 0 0 0 0 0 0 0 0 2
1 0 1 0 0 0 0 0 0 0 0 0 0 0 0 0 0 0 0 0 4
0 0 0 0 1 0 0 0 0 0 0 0 0 0 0 0 0 0 0 1 5
0 0 0 0 0 0 0 0 0 0 0 0 0 1 0 0 1 0 0 0 7
0 0 0 0 0 1 0 0 0 0 0 1 0 0 0 0 0 0 0 0 8
0 0 0 0 1 1 0 0 0 0 0 1 0 0 0 0 1 0 0 0 8
1 0 0 0 0 0 1 0 0 0 0 0 0 0 0 0 0 0 0 1 7
1 0 0 1 0 0 0 0 0 0 0 0 0 0 0 0 0 0 0 0 7
0 0 0 0 0 0 0 1 0 0 0 0 1 1 0 0 0 0 0 0 8
0 0 0 0 0 0 0 0 0 0 0 1 0 0 0 1 1 0 0 0 6
0 1 0 0 0 0 0 0 0 1 0 0 0 0 1 0 0 0 0 0 6
0 0 0 0 0 0 0 0 1 1 0 0 0 0 0 0 0 0 1 0 8
0 1 1 0 0 0 0 0 0 0 0 0 0 0 1 0 0 1 0 0 8
0 0 0 1 0 0 0 0 0 0 0 0 0 0 0 0 0 1 1 0 6
0 1 0 0 0 0 1 0 0 1 1 0 0 0 0 0 0 0 0 0 4
Tempo Total de Execução: 0.242ms

0 1 0 0 0 0 0 0 0 1 0 0 0 0 1 0 0 0 0 0 3
0 0 0 1 0 0 0 0 0 0 0 0 0 0 0 0 0 1 1 0 6
0 0 0 0 0 0 0 0 1 1 0 0 0 0 0 0 0 0 1 0 7
0 0 0 0 0 0 0 0 0 0 0 0 0 1 0 0 1 0 0 0 7
1 0 0 1 0 0 0 0 0 0 0 0 0 0 0 0 0 0 0 0 8
0 1 1 0 0 0 0 0 0 0 0 0 0 0 1 0 0 1 0 0 8
0 1 0 0 0 0 1 0 0 1 1 0 0 0 0 0 0 0 0 0 8
0 0 0 0 0 0 0 0 0 0 0 1 0 0 0 1 1 0 0 0 7
1 0 1 0 0 0 0 0 0 0 0 0 0 0 0 0 0 0 0 0 6
1 0 0 0 0 0 1 0 0 0 0 0 0 0 0 0 0 0 0 1 6
0 0 0 0 1 1 0 0 0 0 0 1 0 0 0 0 1 0 0 0 6
0 0 0 0 1 0 0 0 0 0 0 0 0 0 0 0 0 0 0 1 5
0 0 0 0 0 0 0 1 0 0 0 0 1 1 0 0 0 0 0 0 6
0 0 0 0 0 1 0 0 0 0 0 1 0 0 0 0 0 0 0 0 3
0 0 0 0 1 0 0 0 0 0 0 1 0 0 0 0 0 0 0 0 2
0 0 0 0 1 0 0 0 0 0 0 1 0 0 0 0 0 0 0 0 2
Tempo Total de Execução: 0.225ms

0 0 0 0 1 0 0 0 0 0 0 1 0 0 0 0 0 0 0 0 2
1 0 0 1 0 0 0 0 0 0 0 0 0 0 0 0 0 0 0 0 4
0 0 0 0 1 0 0 0 0 0 0 1 0 0 0 0 0 0 0 0 4
0 0 0 0 0 0 0 1 0 0 0 0 1 1 0 0 0 0 0 0 7
0 0 0 0 1 1 0 0 0 0 0 1 0 0 0 0 1 0 0 0 7
0 0 0 0 0 1 0 0 0 0 0 1 0 0 0 0 0 0 0 0 7
0 0 0 0 0 0 0 0 0 0 0 0 0 1 0 0 1 0 0 0 6
0 0 0 0 0 0 0 0 0 0 0 1 0 0 0 1 1 0 0 0 6
0 1 0 0 0 0 1 0 0 1 1 0 0 0 0 0 0 0 0 0 7
0 0 0 0 1 0 0 0 0 0 0 0 0 0 0 0 0 0 0 1 7
0 0 0 0 0 0 0 0 1 1 0 0 0 0 0 0 0 0 1 0 8
0 1 0 0 0 0 0 0 0 1 0 0 0 0 1 0 0 0 0 0 8
1 0 1 0 0 0 0 0 0 0 0 0 0 0 0 0 0 0 0 0 8
1 0 0 0 0 0 1 0 0 0 0 0 0 0 0 0 0 0 0 1 8
0 0 0 1 0 0 0 0 0 0 0 0 0 0 0 0 0 1 1 0 6
0 1 1 0 0 0 0 0 0 0 0 0 0 0 1 0 0 1 0 0 4
Tempo Total de Execução: 0.247ms

0 0 0 0 1 0 0 0 0 0 0 1 0 0 0 0 0 0 0 0 2
0 0 0 0 0 1 0 0 0 0 0 1 0 0 0 0 0 0 0 0 3
0 0 0 0 1 0 0 0 0 0 0 1 0 0 0 0 0 0 0 0 3
1 0 1 0 0 0 0 0 0 0 0 0 0 0 0 0 0 0 0 0 5
0 0 0 0 1 0 0 0 0 0 0 0 0 0 0 0 0 0 0 1 6
0 0 0 0 0 0 0 0 0 0 0 0 0 1 0 0 1 0 0 0 8
0 0 0 0 1 1 0 0 0 0 0 1 0 0 0 0 1 0 0 0 8
0 0 0 0 0 0 0 0 0 0 0 1 0 0 0 1 1 0 0 0 7
0 0 0 0 0 0 0 0 1 1 0 0 0 0 0 0 0 0 1 0 7
1 0 0 0 0 0 1 0 0 0 0 0 0 0 0 0 0 0 0 1 7
0 1 0 0 0 0 1 0 0 1 1 0 0 0 0 0 0 0 0 0 8
0 1 1 0 0 0 0 0 0 0 0 0 0 0 1 0 0 1 0 0 8
0 0 0 1 0 0 0 0 0 0 0 0 0 0 0 0 0 1 1 0 8
1 0 0 1 0 0 0 0 0 0 0 0 0 0 0 0 0 0 0 0 6
0 1 0 0 0 0 0 0 0 1 0 0 0 0 1 0 0 0 0 0 4
0 0 0 0 0 0 0 1 0 0 0 0 1 1 0 0 0 0 0 0 3
Tempo Total de Execução: 0.167ms

0 0 0 0 1 0 0 0 0 0 0 0 0 0 0 0 0 0 0 1 2
0 0 0 0 1 1 0 0 0 0 0 1 0 0 0 0 1 0 0 0 5
0 0 0 0 0 0 0 0 0 0 0 1 0 0 0 1 1 0 0 0 6
0 0 0 0 1 0 0 0 0 0 0 1 0 0 0 0 0 0 0 0 5
1 0 0 0 0 0 1 0 0 0 0 0 0 0 0 0 0 0 0 1 7
0 0 0 0 0 1 0 0 0 0 0 1 0 0 0 0 0 0 0 0 6
0 0 0 0 0 0 0 1 0 0 0 0 1 1 0 0 0 0 0 0 8
0 0 0 0 1 0 0 0 0 0 0 1 0 0 0 0 0 0 0 0 6
0 0 0 0 0 0 0 0 1 1 0 0 0 0 0 0 0 0 1 0 7
0 0 0 0 0 0 0 0 0 0 0 0 0 1 0 0 1 0 0 0 6
1 0 0 1 0 0 0 0 0 0 0 0 0 0 0 0 0 0 0 0 5
0 0 0 1 0 0 0 0 0 0 0 0 0 0 0 0 0 1 1 0 6
0 1 1 0 0 0 0 0 0 0 0 0 0 0 1 0 0 1 0 0 7
0 1 0 0 0 0 0 0 0 1 0 0 0 0 1 0 0 0 0 0 6
0 1 0 0 0 0 1 0 0 1 1 0 0 0 0 0 0 0 0 0 6
1 0 1 0 0 0 0 0 0 0 0 0 0 0 0 0 0 0 0 0 2
Tempo Total de Execução: 0.151ms

0 1 0 0 0 0 1 0 0 1 1 0 0 0 0 0 0 0 0 0 4
0 1 0 0 0 0 0 0 0 1 0 0 0 0 1 0 0 0 0 0 4
1 0 1 0 0 0 0 0 0 0 0 0 0 0 0 0 0 0 0 0 6
0 1 1 0 0 0 0 0 0 0 0 0 0 0 1 0 0 1 0 0 7
0 0 0 0 0 0 0 0 1 1 0 0 0 0 0 0 0 0 1 0 6
0 0 0 0 0 1 0 0 0 0 0 1 0 0 0 0 0 0 0 0 6
1 0 0 0 0 0 1 0 0 0 0 0 0 0 0 0 0 0 0 1 7
0 0 0 1 0 0 0 0 0 0 0 0 0 0 0 0 0 1 1 0 7
0 0 0 0 1 0 0 0 0 0 0 0 0 0 0 0 0 0 0 1 6
1 0 0 1 0 0 0 0 0 0 0 0 0 0 0 0 0 0 0 0 5
0 0 0 0 0 0 0 0 0 0 0 0 0 1 0 0 1 0 0 0 5
0 0 0 0 1 0 0 0 0 0 0 1 0 0 0 0 0 0 0 0 5
0 0 0 0 1 0 0 0 0 0 0 1 0 0 0 0 0 0 0 0 5
0 0 0 0 1 1 0 0 0 0 0 1 0 0 0 0 1 0 0 0 5
0 0 0 0 0 0 0 1 0 0 0 0 1 1 0 0 0 0 0 0 5
0 0 0 0 0 0 0 0 0 0 0 1 0 0 0 1 1 0 0 0 3
Tempo Total de Execução: 0.193ms

0 0 0 0 0 0 0 0 0 0 0 0 0 1 0 0 1 0 0 0 2
0 0 0 0 0 0 0 0 0 0 0 1 0 0 0 1 1 0 0 0 4
0 0 0 0 1 0 0 0 0 0 0 1 0 0 0 0 0 0 0 0 4
0 0 0 0 0 1 0 0 0 0 0 1 0 0 0 0 0 0 0 0 5
0 0 0 0 1 0 0 0 0 0 0 0 0 0 0 0 0 0 0 1 6
1 0 0 1 0 0 0 0 0 0 0 0 0 0 0 0 0 0 0 0 8
0 0 0 0 1 0 0 0 0 0 0 1 0 0 0 0 0 0 0 0 8
0 0 0 0 1 1 0 0 0 0 0 1 0 0 0 0 1 0 0 0 8
1 0 0 0 0 0 1 0 0 0 0 0 0 0 0 0 0 0 0 1 5
0 0 0 0 0 0 0 1 0 0 0 0 1 1 0 0 0 0 0 0 6
1 0 1 0 0 0 0 0 0 0 0 0 0 0 0 0 0 0 0 0 4
0 0 0 1 0 0 0 0 0 0 0 0 0 0 0 0 0 1 1 0 5
0 0 0 0 0 0 0 0 1 1 0 0 0 0 0 0 0 0 1 0 6
0 1 0 0 0 0 0 0 0 1 0 0 0 0 1 0 0 0 0 0 6
0 1 1 0 0 0 0 0 0 0 0 0 0 0 1 0 0 1 0 0 6
0 1 0 0 0 0 1 0 0 1 1 0 0 0 0 0 0 0 0 0 4
Tempo Total de Execução: 0.242ms

1 0 0 1 0 0 0 0 0 0 0 0 0 0 0 0 0 0 0 0 2
0 0 0 1 0 0 0 0 0 0 0 0 0 0 0 0 0 1 1 0 4
0 1 1 0 0 0 0 0 0 0 0 0 0 0 1 0 0 1 0 0 6
0 1 0 0 0 0 0 0 0 1 0 0 0 0 1 0 0 0 0 0 6
1 0 1 0 0 0 0 0 0 0 0 0 0 0 0 0 0 0 0 0 5
0 1 0 0 0 0 1 0 0 1 1 0 0 0 0 0 0 0 0 0 6
0 0 0 0 0 0 0 0 1 1 0 0 0 0 0 0 0 0 1 0 5
0 0 0 0 1 0 0 0 0 0 0 0 0 0 0 0 0 0 0 1 4
0 0 0 0 1 1 0 0 0 0 0 1 0 0 0 0 1 0 0 0 7
1 0 0 0 0 0 1 0 0 0 0 0 0 0 0 0 0 0 0 1 7
0 0 0 0 1 0 0 0 0 0 0 1 0 0 0 0 0 0 0 0 4
0 0 0 0 0 0 0 1 0 0 0 0 1 1 0 0 0 0 0 0 7
0 0 0 0 0 0 0 0 0 0 0 1 0 0 0 1 1 0 0 0 6
0 0 0 0 0 1 0 0 0 0 0 1 0 0 0 0 0 0 0 0 5
0 0 0 0 0 0 0 0 0 0 0 0 0 1 0 0 1 0 0 0 4
0 0 0 0 1 0 0 0 0 0 0 1 0 0 0 0 0 0 0 0 2
Tempo Total de Execução: 0.134ms

0 0 0 0 0 0 0 0 0 0 0 1 0 0 0 1 1 0 0 0 3
0 0 0 0 0 0 0 1 0 0 0 0 1 1 0 0 0 0 0 0 5
1 0 0 0 0 0 1 0 0 0 0 0 0 0 0 0 0 0 0 1 6
1 0 1 0 0 0 0 0 0 0 0 0 0 0 0 0 0 0 0 0 7
0 0 0 0 1 0 0 0 0 0 0 1 0 0 0 0 0 0 0 0 8
0 0 0 0 0 0 0 0 0 0 0 0 0 1 0 0 1 0 0 0 8
0 0 0 0 1 0 0 0 0 0 0 0 0 0 0 0 0 0 0 1 7
0 0 0 0 1 0 0 0 0 0 0 1 0 0 0 0 0 0 0 0 6
0 0 0 0 0 1 0 0 0 0 0 1 0 0 0 0 0 0 0 0 7
0 0 0 0 1 1 0 0 0 0 0 1 0 0 0 0 1 0 0 0 7
0 0 0 0 0 0 0 0 1 1 0 0 0 0 0 0 0 0 1 0 6
0 0 0 1 0 0 0 0 0 0 0 0 0 0 0 0 0 1 1 0 7
0 1 0 0 0 0 1 0 0 1 1 0 0 0 0 0 0 0 0 0 8
0 1 0 0 0 0 0 0 0 1 0 0 0 0 1 0 0 0 0 0 7
1 0 0 1 0 0 0 0 0 0 0 0 0 0 0 0 0 0 0 0 6
0 1 1 0 0 0 0 0 0 0 0 0 0 0 1 0 0 1 0 0 4
Tempo Total de Execução: 0.167ms

1 0 0 0 0 0 1 0 0 0 0 0 0 0 0 0 0 0 0 1 3
0 0 0 0 0 0 0 1 0 0 0 0 1 1 0 0 0 0 0 0 6
1 0 0 1 0 0 0 0 0 0 0 0 0 0 0 0 0 0 0 0 5
0 0 0 0 0 0 0 0 0 0 0 0 0 1 0 0 1 0 0 0 6
1 0 1 0 0 0 0 0 0 0 0 0 0 0 0 0 0 0 0 0 6
0 0 0 1 0 0 0 0 0 0 0 0 0 0 0 0 0 1 1 0 7
0 1 1 0 0 0 0 0 0 0 0 0 0 0 1 0 0 1 0 0 8
0 0 0 0 1 0 0 0 0 0 0 0 0 0 0 0 0 0 0 1 7
0 1 0 0 0 0 0 0 0 1 0 0 0 0 1 0 0 0 0 0 7
0 0 0 0 0 1 0 0 0 0 0 1 0 0 0 0 0 0 0 0 8
0 0 0 0 1 1 0 0 0 0 0 1 0 0 0 0 1 0 0 0 8
0 0 0 0 1 0 0 0 0 0 0 1 0 0 0 0 0 0 0 0 7
0 0 0 0 1 0 0 0 0 0 0 1 0 0 0 0 0 0 0 0 7
0 1 0 0 0 0 1 0 0 1 1 0 0 0 0 0 0 0 0 0 7
0 0 0 0 0 0 0 0 0 0 0 1 0 0 0 1 1 0 0 0 5
0 0 0 0 0 0 0 0 1 1 0 0 0 0 0 0 0 0 1 0 3
Tempo Total de Execução: 0.167ms

1 0 0 1 0 0 0 0 0 0 0 0 0 0 0 0 0 0 0 0 2
0 0 0 0 1 0 0 0 0 0 0 1 0 0 0 0 0 0 0 0 4
0 0 0 0 1 0 0 0 0 0 0 0 0 0 0 0 0 0 0 1 5
0 0 0 0 1 0 0 0 0 0 0 1 0 0 0 0 0 0 0 0 5
0 0 0 0 0 1 0 0 0 0 0 1 0 0 0 0 0 0 0 0 6
0 0 0 0 1 1 0 0 0 0 0 1 0 0 0 0 1 0 0 0 7
1 0 0 0 0 0 1 0 0 0 0 0 0 0 0 0 0 0 0 1 6
1 0 1 0 0 0 0 0 0 0 0 0 0 0 0 0 0 0 0 0 6
0 0 0 0 0 0 0 0 0 0 0 1 0 0 0 1 1 0 0 0 6
0 1 0 0 0 0 1 0 0 1 1 0 0 0 0 0 0 0 0 0 7
0 0 0 0 0 0 0 0 0 0 0 0 0 1 0 0 1 0 0 0 6
0 0 0 0 0 0 0 0 1 1 0 0 0 0 0 0 0 0 1 0 7
0 0 0 1 0 0 0 0 0 0 0 0 0 0 0 0 0 1 1 0 7
0 1 0 0 0 0 0 0 0 1 0 0 0 0 1 0 0 0 0 0 6
0 1 1 0 0 0 0 0 0 0 0 0 0 0 1 0 0 1 0 0 5
0 0 0 0 0 0 0 1 0 0 0 0 1 1 0 0 0 0 0 0 3
Tempo Total de Execução: 0.356ms

0 0 0 0 0 0 0 0 1 1 0 0 0 0 0 0 0 0 1 0 3
0 0 0 0 1 1 0 0 0 0 0 1 0 0 0 0 1 0 0 0 6
0 0 0 0 0 1 0 0 0 0 0 1 0 0 0 0 0 0 0 0 6
0 0 0 1 0 0 0 0 0 0 0 0 0 0 0 0 0 1 1 0 7
0 0 0 0 1 0 0 0 0 0 0 1 0 0 0 0 0 0 0 0 6
0 0 0 0 0 0 0 0 0 0 0 1 0 0 0 1 1 0 0 0 7
0 0 0 0 1 0 0 0 0 0 0 1 0 0 0 0 0 0 0 0 6
0 0 0 0 1 0 0 0 0 0 0 0 0 0 0 0 0 0 0 1 6
1 0 0 1 0 0 0 0 0 0 0 0 0 0 0 0 0 0 0 0 6
0 0 0 0 0 0 0 1 0 0 0 0 1 1 0 0 0 0 0 0 8
1 0 0 0 0 0 1 0 0 0 0 0 0 0 0 0 0 0 0 1 7
0 1 0 0 0 0 1 0 0 1 1 0 0 0 0 0 0 0 0 0 8
1 0 1 0 0 0 0 0 0 0 0 0 0 0 0 0 0 0 0 0 7
0 0 0 0 0 0 0 0 0 0 0 0 0 1 0 0 1 0 0 0 6
0 1 1 0 0 0 0 0 0 0 0 0 0 0 1 0 0 1 0 0 5
0 1 0 0 0 0 0 0 0 1 0 0 0 0 1 0 0 0 0 0 3
Tempo Total de Execução: 0.233ms

0 0 0 0 0 0 0 0 0 0 0 1 0 0 0 1 1 0 0 0 3
1 0 0 1 0 0 0 0 0 0 0 0 0 0 0 0 0 0 0 0 4
0 0 0 0 1 1 0 0 0 0 0 1 0 0 0 0 1 0 0 0 6
0 0 0 1 0 0 0 0 0 0 0 0 0 0 0 0 0 1 1 0 8
0 0 0 0 1 0 0 0 0 0 0 0 0 0 0 0 0 0 0 1 8
0 0 0 0 0 1 0 0 0 0 0 1 0 0 0 0 0 0 0 0 8
0 0 0 0 1 0 0 0 0 0 0 1 0 0 0 0 0 0 0 0 7
1 0 0 0 0 0 1 0 0 0 0 0 0 0 0 0 0 0 0 1 8
0 0 0 0 1 0 0 0 0 0 0 1 0 0 0 0 0 0 0 0 7
0 0 0 0 0 0 0 0 1 1 0 0 0 0 0 0 0 0 1 0 7
0 1 0 0 0 0 0 0 0 1 0 0 0 0 1 0 0 0 0 0 7
0 0 0 0 0 0 0 0 0 0 0 0 0 1 0 0 1 0 0 0 8
1 0 1 0 0 0 0 0 0 0 0 0 0 0 0 0 0 0 0 0 8
0 1 0 0 0 0 1 0 0 1 1 0 0 0 0 0 0 0 0 0 8
0 0 0 0 0 0 0 1 0 0 0 0 1 1 0 0 0 0 0 0 7
0 1 1 0 0 0 0 0 0 0 0 0 0 0 1 0 0 1 0 0 4
Tempo Total de Execução: 0.113ms

1 0 1 0 0 0 0 0 0 0 0 0 0 0 0 0 0 0 0 0 2
0 0 0 1 0 0 0 0 0 0 0 0 0 0 0 0 0 1 1 0 5
0 1 1 0 0 0 0 0 0 0 0 0 0 0 1 0 0 1 0 0 7
1 0 0 1 0 0 0 0 0 0 0 0 0 0 0 0 0 0 0 0 5
0 0 0 0 0 0 0 1 0 0 0 0 1 1 0 0 0 0 0 0 7
1 0 0 0 0 0 1 0 0 0 0 0 0 0 0 0 0 0 0 1 7
0 0 0 0 0 0 0 0 0 0 0 0 0 1 0 0 1 0 0 0 7
0 1 0 0 0 0 0 0 0 1 0 0 0 0 1 0 0 0 0 0 7
0 0 0 0 1 0 0 0 0 0 0 1 0 0 0 0 0 0 0 0 8
0 0 0 0 1 0 0 0 0 0 0 1 0 0 0 0 0 0 0 0 8
0 0 0 0 1 0 0 0 0 0 0 0 0 0 0 0 0 0 0 1 8
0 0 0 0 0 1 0 0 0 0 0 1 0 0 0 0 0 0 0 0 8
0 0 0 0 1 1 0 0 0 0 0 1 0 0 0 0 1 0 0 0 8
0 0 0 0 0 0 0 0 1 1 0 0 0 0 0 0 0 0 1 0 7
0 1 0 0 0 0 1 0 0 1 1 0 0 0 0 0 0 0 0 0 6
0 0 0 0 0 0 0 0 0 0 0 1 0 0 0 1 1 0 0 0 3
Tempo Total de Execução: 0.148ms

0 0 0 0 0 0 0 1 0 0 0 0 1 1 0 0 0 0 0 0 3
0 0 0 0 1 0 0 0 0 0 0 0 0 0 0 0 0 0 0 1 3
0 0 0 0 0 0 0 0 0 0 0 0 0 1 0 0 1 0 0 0 4
0 0 0 0 1 0 0 0 0 0 0 1 0 0 0 0 0 0 0 0 4
1 0 1 0 0 0 0 0 0 0 0 0 0 0 0 0 0 0 0 0 6
0 0 0 0 1 0 0 0 0 0 0 1 0 0 0 0 0 0 0 0 6
0 0 0 0 0 1 0 0 0 0 0 1 0 0 0 0 0 0 0 0 7
1 0 0 0 0 0 1 0 0 0 0 0 0 0 0 0 0 0 0 1 8
0 0 0 0 1 1 0 0 0 0 0 1 0 0 0 0 1 0 0 0 7
0 0 0 0 0 0 0 0 0 0 0 1 0 0 0 1 1 0 0 0 6
0 1 1 0 0 0 0 0 0 0 0 0 0 0 1 0 0 1 0 0 6
0 1 0 0 0 0 1 0 0 1 1 0 0 0 0 0 0 0 0 0 7
0 0 0 1 0 0 0 0 0 0 0 0 0 0 0 0 0 1 1 0 7
0 0 0 0 0 0 0 0 1 1 0 0 0 0 0 0 0 0 1 0 7
1 0 0 1 0 0 0 0 0 0 0 0 0 0 0 0 0 0 0 0 5
0 1 0 0 0 0 0 0 0 1 0 0 0 0 1 0 0 0 0 0 3
Tempo Total de Execução: 0.14ms

