0 0 0 0 1 1 0 0 0 0 0 1 0 0 0 0 1 0 0 0 4
0 0 0 0 1 1 0 0 0 0 0 1 0 0 0 0 1 0 0 0 4
0 0 0 0 1 1 0 0 0 0 0 1 0 0 0 0 1 0 0 0 4
0 0 0 0 1 1 0 0 0 0 0 1 0 1 0 0 1 0 0 0 5
0 0 0 0 1 1 0 0 0 0 0 1 0 1 0 0 1 0 0 0 5
0 0 0 0 1 0 0 0 0 0 0 1 0 1 0 1 1 0 0 0 5
0 0 0 0 1 0 0 0 0 0 0 0 0 1 0 0 0 0 0 1 3
0 1 0 0 0 0 1 0 0 1 1 0 0 1 0 0 0 0 0 1 6
1 1 0 0 0 0 1 0 0 1 0 0 0 1 0 0 0 0 0 1 6
1 1 0 0 0 0 0 1 0 1 0 0 1 1 0 0 0 0 0 0 6
1 1 1 0 0 0 0 0 0 1 0 0 0 0 1 0 0 1 0 0 6
1 1 1 0 0 0 0 0 0 1 0 0 0 0 1 0 0 1 0 0 6
1 0 1 0 0 0 0 0 1 1 0 0 0 0 0 0 0 1 1 0 6
1 0 1 1 0 0 0 0 0 0 0 0 0 0 0 0 0 1 1 0 5
1 0 1 1 0 0 0 0 0 0 0 0 0 0 0 0 0 1 1 0 5
0 0 0 1 0 0 0 0 0 0 0 0 0 0 0 0 0 1 1 0 3
Tempo Total de Execução: 1.1ms

0 1 0 0 0 0 0 0 0 1 0 0 0 0 1 0 0 0 0 0 3
0 1 1 0 0 0 0 0 0 1 0 0 0 0 1 0 0 1 0 0 5
1 1 1 1 0 0 0 0 0 1 0 0 0 0 0 0 0 1 0 0 6
1 1 1 1 0 0 0 0 0 1 0 0 0 0 0 0 0 1 1 0 7
1 1 1 0 0 0 0 0 0 1 0 0 0 0 0 0 0 0 1 0 5
1 1 0 0 0 0 0 0 1 1 0 0 0 0 0 0 0 0 1 0 5
1 1 0 0 0 0 1 0 0 1 0 0 0 0 0 0 0 0 0 1 5
0 1 0 0 0 0 1 0 0 1 1 0 0 0 0 0 0 0 0 1 5
0 0 0 0 0 0 0 0 0 0 0 1 0 0 0 1 1 0 0 1 4
0 0 0 0 1 1 0 0 0 0 0 1 0 0 0 0 1 0 0 1 5
0 0 0 0 1 1 0 0 0 0 0 1 0 1 0 0 1 0 0 1 6
0 0 0 0 1 1 0 0 0 0 0 1 0 1 0 0 0 0 0 1 5
0 0 0 0 1 1 0 0 0 0 0 1 0 1 0 0 0 0 0 1 5
0 0 0 0 1 1 0 0 0 0 0 1 0 1 0 0 0 0 0 1 5
0 0 0 0 1 0 0 0 0 0 0 0 0 1 0 0 0 0 0 1 3
0 0 0 0 0 0 0 1 0 0 0 0 1 1 0 0 0 0 0 0 3
Tempo Total de Execução: 1.06ms

1 0 1 0 0 0 0 0 0 0 0 0 0 0 0 0 0 0 0 0 2
1 0 1 0 0 1 0 0 0 0 0 1 0 0 0 0 0 0 0 0 4
1 0 1 0 1 1 0 0 0 0 0 1 0 0 0 0 1 0 0 0 6
1 0 1 0 1 0 0 0 0 0 0 1 0 1 0 0 1 0 0 0 6
1 0 1 0 1 0 0 0 0 0 0 1 0 1 0 1 1 0 0 0 7
1 0 1 0 1 0 0 0 0 0 0 1 0 1 0 0 0 0 0 0 5
1 0 1 0 1 0 0 0 0 0 0 1 0 1 0 0 0 0 0 0 5
1 0 1 1 1 0 0 0 0 0 0 0 0 1 0 0 0 0 0 0 5
1 0 1 1 1 0 0 1 0 0 0 0 1 1 0 0 0 0 0 0 7
1 0 1 1 1 0 0 0 0 0 0 0 0 0 0 0 0 0 0 1 5
1 0 1 1 0 0 1 0 0 0 0 0 0 0 0 0 0 0 0 1 5
0 1 1 1 0 0 1 0 0 0 0 0 0 0 1 0 0 1 0 0 6
0 1 0 1 0 0 1 0 0 1 1 0 0 0 1 0 0 1 0 0 7
0 1 0 1 0 0 0 0 1 1 0 0 0 0 1 0 0 1 1 0 7
0 1 0 1 0 0 0 0 0 1 0 0 0 0 1 0 0 1 1 0 6
0 0 0 1 0 0 0 0 0 0 0 0 0 0 0 0 0 1 1 0 3
Tempo Total de Execução: 1.11ms

0 0 0 0 0 0 0 1 0 0 0 0 1 1 0 0 0 0 0 0 3
0 0 0 0 0 0 0 0 0 0 0 0 0 1 0 0 1 0 0 0 2
0 0 0 0 0 0 0 0 0 0 0 1 0 0 0 1 1 0 0 0 3
0 0 0 0 1 1 0 0 0 0 0 1 0 0 0 0 1 0 0 0 4
0 0 0 0 1 1 0 0 0 0 0 1 0 0 0 0 0 0 0 0 3
0 0 0 0 1 1 0 0 0 0 0 1 0 0 0 0 0 0 0 0 3
0 0 0 0 1 0 0 0 0 0 0 1 0 0 0 0 0 0 0 0 2
0 1 0 0 1 0 1 0 0 1 1 0 0 0 0 0 0 0 0 0 5
1 1 0 0 1 0 1 0 0 1 0 0 0 0 0 0 0 0 0 1 6
1 1 0 0 1 0 0 0 0 1 0 0 0 0 0 0 0 0 0 1 5
1 1 0 0 0 0 0 0 0 1 0 0 0 0 1 0 0 0 0 0 4
1 1 0 1 0 0 0 0 0 1 0 0 0 0 1 0 0 0 0 0 5
1 1 0 1 0 0 0 0 0 1 0 0 0 0 1 0 0 1 1 0 7
1 1 0 0 0 0 0 0 1 1 0 0 0 0 1 0 0 1 1 0 7
1 1 1 0 0 0 0 0 0 0 0 0 0 0 1 0 0 1 0 0 5
0 1 1 0 0 0 0 0 0 0 0 0 0 0 1 0 0 1 0 0 4
Tempo Total de Execução: 0.95ms

0 0 0 0 1 0 0 0 0 0 0 1 0 0 0 0 0 0 0 0 2
0 0 0 0 1 0 0 1 0 0 0 1 1 1 0 0 0 0 0 0 5
0 0 0 0 1 0 0 0 0 0 0 1 0 1 0 0 0 0 0 1 4
0 0 0 0 1 0 0 0 0 0 0 1 0 1 0 0 1 0 0 1 5
0 0 0 0 1 1 0 0 0 0 0 1 0 0 0 0 1 0 0 1 5
0 0 0 0 1 1 0 0 0 0 0 1 0 0 0 0 1 0 0 1 5
0 0 0 0 0 1 0 0 0 0 0 1 0 0 0 0 1 0 0 1 4
1 0 0 0 0 0 1 0 0 0 0 1 0 0 0 0 1 0 0 1 5
1 0 0 0 0 0 1 0 0 0 0 1 0 0 0 1 1 0 0 0 5
1 0 1 0 0 0 1 0 0 0 0 0 0 0 0 0 0 0 0 0 3
1 1 1 0 0 0 1 0 0 1 1 0 0 0 0 0 0 0 0 0 6
1 1 1 0 0 0 0 0 1 1 0 0 0 0 0 0 0 0 1 0 6
1 1 1 1 0 0 0 0 0 1 0 0 0 0 0 0 0 0 1 0 6
0 1 1 1 0 0 0 0 0 1 0 0 0 0 1 0 0 1 1 0 7
0 1 0 1 0 0 0 0 0 1 0 0 0 0 1 0 0 1 1 0 6
0 1 0 0 0 0 0 0 0 1 0 0 0 0 1 0 0 0 0 0 3
Tempo Total de Execução: 1.11ms

0 0 0 0 0 0 0 0 0 0 0 1 0 0 0 1 1 0 0 0 3
0 0 0 0 0 1 0 0 0 0 0 1 0 0 0 0 1 0 0 0 3
0 0 0 0 1 1 0 0 0 0 0 1 0 0 0 0 1 0 0 0 4
0 0 0 0 1 0 0 0 0 0 0 1 0 0 0 0 1 0 0 1 4
0 0 0 0 1 0 0 0 0 0 0 1 0 1 0 0 1 0 0 1 5
0 0 0 0 1 0 0 0 0 0 0 1 0 1 0 0 0 0 0 1 4
0 0 0 0 1 0 0 0 0 0 0 1 0 1 0 0 0 0 0 1 4
0 0 0 0 0 0 0 1 0 0 0 0 1 1 0 0 0 0 0 1 4
0 1 1 0 0 0 0 0 0 0 0 0 0 0 1 0 0 1 0 1 5
0 1 1 0 0 0 0 0 0 1 0 0 0 0 1 0 0 1 0 1 6
0 1 1 0 0 0 0 0 1 1 0 0 0 0 0 0 0 1 1 1 7
0 1 1 1 0 0 0 0 0 1 0 0 0 0 0 0 0 1 1 1 7
1 1 1 1 0 0 0 0 0 1 0 0 0 0 0 0 0 0 0 1 6
1 1 1 0 0 0 1 0 0 1 1 0 0 0 0 0 0 0 0 1 7
1 0 1 0 0 0 1 0 0 0 0 0 0 0 0 0 0 0 0 1 4
1 0 1 0 0 0 0 0 0 0 0 0 0 0 0 0 0 0 0 0 2
Tempo Total de Execução: 0.957ms

0 0 0 0 0 0 0 0 1 1 0 0 0 0 0 0 0 0 1 0 3
1 0 0 0 0 0 1 0 0 1 0 0 0 0 0 0 0 0 1 1 5
1 1 0 0 0 0 1 0 0 1 1 0 0 0 0 0 0 0 1 1 7
1 1 0 1 0 0 0 0 0 1 0 0 0 0 0 0 0 1 1 1 7
1 1 0 1 0 0 0 0 0 1 0 0 0 0 0 0 0 1 0 1 6
1 1 0 0 0 0 0 0 0 1 0 0 0 0 1 0 0 1 0 1 6
1 1 1 0 0 0 0 0 0 0 0 0 0 0 1 0 0 1 0 1 6
0 1 1 0 0 0 0 0 0 0 0 0 0 0 1 0 0 1 0 1 5
0 0 0 0 1 0 0 0 0 0 0 0 0 0 0 0 0 0 0 1 2
0 0 0 0 1 0 0 0 0 0 0 1 0 0 0 1 1 0 0 0 4
0 0 0 0 1 1 0 0 0 0 0 1 0 0 0 0 1 0 0 0 4
0 0 0 0 1 1 0 0 0 0 0 1 0 0 0 0 1 0 0 0 4
0 0 0 0 1 0 0 0 0 0 0 1 0 0 0 0 1 0 0 0 3
0 0 0 0 1 0 0 0 0 0 0 1 0 0 0 0 1 0 0 0 3
0 0 0 0 0 0 0 0 0 0 0 0 0 1 0 0 1 0 0 0 2
0 0 0 0 0 0 0 1 0 0 0 0 1 1 0 0 0 0 0 0 3
Tempo Total de Execução: 1.03ms

0 1 1 0 0 0 0 0 0 0 0 0 0 0 1 0 0 1 0 0 4
1 1 1 0 0 0 0 0 0 0 0 0 0 0 1 0 0 1 0 0 5
1 1 0 1 0 0 0 0 0 0 0 0 0 0 1 0 0 1 1 0 6
1 1 0 1 0 0 0 0 0 0 0 0 0 0 1 0 0 0 1 0 5
1 1 0 0 0 0 1 0 0 1 1 0 0 0 1 0 0 0 1 0 7
1 1 0 0 0 0 1 0 0 1 0 0 0 0 1 0 0 0 1 1 7
0 1 0 0 0 0 0 0 0 1 0 0 0 0 1 0 0 0 1 1 5
0 0 0 0 0 0 0 1 0 1 0 0 1 1 0 0 0 0 1 1 6
0 0 0 0 1 0 0 0 0 1 0 1 0 1 0 0 0 0 1 1 6
0 0 0 0 1 0 0 0 0 1 0 1 0 1 0 0 0 0 1 1 6
0 0 0 0 1 0 0 0 0 1 0 1 0 1 0 0 0 0 1 1 6
0 0 0 0 1 0 0 0 0 1 0 1 0 1 0 0 1 0 1 0 6
0 0 0 0 1 1 0 0 0 1 0 1 0 0 0 0 1 0 1 0 6
0 0 0 0 1 1 0 0 0 1 0 1 0 0 0 1 1 0 1 0 7
0 0 0 0 1 1 0 0 1 1 0 1 0 0 0 0 1 0 1 0 7
0 0 0 0 1 1 0 0 0 0 0 1 0 0 0 0 1 0 0 0 4
Tempo Total de Execução: 0.928ms

0 0 0 0 0 0 0 0 0 0 0 1 0 0 0 1 1 0 0 0 3
0 0 0 0 1 0 0 0 0 0 0 1 0 0 0 0 1 0 0 0 3
0 0 0 0 1 1 0 0 0 0 0 1 0 0 0 0 1 0 0 0 4
0 0 0 0 1 1 0 0 0 0 0 1 0 0 0 0 1 0 0 0 4
1 0 0 0 1 1 1 0 0 0 0 1 0 0 0 0 1 0 0 1 7
1 0 0 0 1 1 1 0 0 0 0 1 0 0 0 0 1 0 0 1 7
1 0 0 0 1 1 1 0 0 0 0 1 0 0 0 0 1 0 0 0 6
1 0 0 1 0 0 1 0 0 0 0 0 0 0 0 0 1 0 0 0 4
1 0 1 1 0 0 1 0 0 0 0 0 0 0 0 0 1 0 0 0 5
0 0 1 1 0 0 1 0 0 0 0 0 0 0 0 0 1 1 1 0 6
0 1 1 0 0 0 1 0 0 0 0 0 0 0 1 0 1 1 1 0 7
0 1 0 0 0 0 1 0 0 1 1 0 0 0 1 0 1 0 1 0 7
0 1 0 0 0 0 0 0 1 1 0 0 0 0 1 0 1 0 1 0 6
0 1 0 0 0 0 0 0 0 1 0 0 0 1 1 0 1 0 0 0 5
0 1 0 0 0 0 0 0 0 1 0 0 0 1 1 0 0 0 0 0 4
0 0 0 0 0 0 0 1 0 0 0 0 1 1 0 0 0 0 0 0 3
Tempo Total de Execução: 1.07ms

0 0 0 0 0 0 0 0 1 1 0 0 0 0 0 0 0 0 1 0 3
0 0 0 1 0 0 0 0 0 1 0 0 0 0 0 0 0 1 1 0 4
0 0 0 1 0 0 0 1 0 1 0 0 1 1 0 0 0 1 0 0 6
1 0 0 1 0 0 0 0 0 1 0 0 0 1 0 0 0 1 0 0 5
1 1 0 0 0 0 0 0 0 1 0 0 0 1 1 0 0 1 0 0 6
1 1 1 0 0 0 0 0 0 1 0 0 0 1 1 0 0 1 0 0 7
1 1 1 0 0 0 1 0 0 1 1 0 0 1 0 0 0 0 0 0 7
1 0 1 0 0 0 1 0 0 0 0 0 0 1 0 0 0 0 0 1 5
1 0 1 0 0 0 0 0 0 0 0 0 0 1 0 0 0 0 0 1 4
0 0 0 0 1 0 0 0 0 0 0 1 0 1 0 0 0 0 0 1 4
0 0 0 0 1 1 0 0 0 0 0 1 0 1 0 0 0 0 0 1 5
0 0 0 0 1 1 0 0 0 0 0 1 0 1 0 0 1 0 0 1 6
0 0 0 0 1 0 0 0 0 0 0 1 0 1 0 0 1 0 0 1 5
0 0 0 0 1 0 0 0 0 0 0 1 0 1 0 1 1 0 0 1 6
0 0 0 0 1 0 0 0 0 0 0 0 0 1 0 0 1 0 0 1 4
0 0 0 0 1 0 0 0 0 0 0 0 0 0 0 0 0 0 0 1 2
Tempo Total de Execução: 1.12ms

